Trade_ID,Ticker,Action,Date,Shares,Amount,Value,Rule,Notes,Realized_PL,Stop_Loss,Trx_ID,Total_Cost,Avg_Entry,Avg_Exit,Exec_Grade,Behavior_Tag,Retro_Notes,Date_DT
202311-001,NVDA,BUY,2023-11-16 09:30,652.0,110.44,72006.88,History,Imported Buy,0.0,0.0,nan,0.0,0.0,0.0,,,,2023-11-16 09:30:00
202311-001,NVDA,SELL,2025-01-29 16:00,652.0,125.34,81721.68000000001,History,Imported Sell,9714.800000000005,0.0,nan,0.0,0.0,0.0,,,,2025-01-29 16:00:00
202408-001,PLTR,BUY,2024-08-08 09:30,2282.0,65.16,148695.12,History,Imported Buy,0.0,0.0,nan,0.0,0.0,0.0,,,,2024-08-08 09:30:00
202408-001,PLTR,SELL,2025-02-27 16:00,2282.0,74.58,170191.56,History,Imported Sell,21496.44,0.0,nan,0.0,0.0,0.0,,,,2025-02-27 16:00:00
202410-001,RDDT,BUY,2024-10-02 09:30,886.0,133.5,118281.0,History,Imported Buy,0.0,0.0,nan,0.0,0.0,0.0,,,,2024-10-02 09:30:00
202410-001,RDDT,SELL,2025-02-20 16:00,886.0,152.62,135221.32,History,Imported Sell,16940.320000000003,0.0,nan,0.0,0.0,0.0,,,,2025-02-20 16:00:00
202411-001,DECK,BUY,2024-11-08 09:30,150.0,180.85,27127.5,History,Imported Buy,0.0,0.0,nan,0.0,0.0,0.0,,,,2024-11-08 09:30:00
202411-001,DECK,SELL,2025-01-31 16:00,150.0,182.84,27426.0,History,Imported Sell,298.50000000000136,0.0,nan,0.0,0.0,0.0,,,,2025-01-31 16:00:00
202411-002,ALAB,BUY,2024-11-13 09:30,467.0,108.59,50711.53,History,Imported Buy,0.0,0.0,nan,0.0,0.0,0.0,,,,2024-11-13 09:30:00
202411-002,ALAB,SELL,2025-01-27 16:00,467.0,97.85,45695.95,History,Imported Sell,-5015.5800000000045,0.0,nan,0.0,0.0,0.0,,,,2025-01-27 16:00:00
202501-003,NET,BUY,2025-01-02 09:30,198.0,114.46,22663.08,History,Imported Buy,0.0,0.0,nan,0.0,0.0,0.0,,,,2025-01-02 09:30:00
202501-003,NET,SELL,2025-01-10 16:00,198.0,109.82,21744.359999999997,History,Imported Sell,-918.72,0.0,nan,0.0,0.0,0.0,,,,2025-01-10 16:00:00
202501-004,APP,BUY,2025-01-02 09:30,66.0,339.75,22423.5,History,Imported Buy,0.0,0.0,nan,0.0,0.0,0.0,,,,2025-01-02 09:30:00
202501-004,APP,SELL,2025-01-07 16:00,66.0,327.52,21616.32,History,Imported Sell,-807.1800000000012,0.0,nan,0.0,0.0,0.0,,,,2025-01-07 16:00:00
202501-001,SPOT,BUY,2025-01-02 09:30,67.0,469.52,31457.84,History,Imported Buy,0.0,0.0,nan,0.0,0.0,0.0,,,,2025-01-02 09:30:00
202501-001,SPOT,SELL,2025-02-03 16:00,67.0,531.57,35615.19,History,Imported Sell,4157.350000000005,0.0,nan,0.0,0.0,0.0,,,,2025-02-03 16:00:00
202501-002,IBKR,BUY,2025-01-02 09:30,120.0,182.45,21894.0,History,Imported Buy,0.0,0.0,nan,0.0,0.0,0.0,,,,2025-01-02 09:30:00
202501-002,IBKR,SELL,2025-01-27 16:00,120.0,201.98,24237.6,History,Imported Sell,2343.6000000000004,0.0,nan,0.0,0.0,0.0,,,,2025-01-27 16:00:00
202501-005,GEV,BUY,2025-01-03 09:30,75.0,351.4,26355.0,History,Imported Buy,0.0,0.0,nan,0.0,0.0,0.0,,,,2025-01-03 09:30:00
202501-005,GEV,SELL,2025-01-27 16:00,75.0,356.86,26764.5,History,Imported Sell,409.50000000000273,0.0,nan,0.0,0.0,0.0,,,,2025-01-27 16:00:00
202501-006,MSTR,BUY,2025-01-03 09:30,20.0,358.68,7173.6,History,Imported Buy,0.0,0.0,nan,0.0,0.0,0.0,,,,2025-01-03 09:30:00
202501-006,MSTR,SELL,2025-01-07 16:00,20.0,357.48,7149.6,History,Imported Sell,-23.999999999999773,0.0,nan,0.0,0.0,0.0,,,,2025-01-07 16:00:00
202501-007,ASAN,BUY,2025-01-08 09:30,1098.0,19.49,21400.019999999997,History,Imported Buy,0.0,0.0,nan,0.0,0.0,0.0,,,,2025-01-08 09:30:00
202501-007,ASAN,SELL,2025-01-27 16:00,1098.0,20.05,22014.9,History,Imported Sell,614.8800000000025,0.0,nan,0.0,0.0,0.0,,,,2025-01-27 16:00:00
202501-008,APP,BUY,2025-01-13 09:30,66.0,315.14,20799.24,History,Imported Buy,0.0,0.0,nan,0.0,0.0,0.0,,,,2025-01-13 09:30:00
202501-008,APP,SELL,2025-01-27 16:00,66.0,337.03,22243.98,History,Imported Sell,1444.739999999999,0.0,nan,0.0,0.0,0.0,,,,2025-01-27 16:00:00
202501-009,CAVA,BUY,2025-01-14 09:30,337.0,122.35,41231.95,History,Imported Buy,0.0,0.0,nan,0.0,0.0,0.0,,,,2025-01-14 09:30:00
202501-009,CAVA,SELL,2025-02-19 16:00,337.0,123.49,41616.13,History,Imported Sell,384.1800000000002,0.0,nan,0.0,0.0,0.0,,,,2025-02-19 16:00:00
202501-010,KVYO,BUY,2025-01-14 09:30,130.0,39.45,5128.5,History,Imported Buy,0.0,0.0,nan,0.0,0.0,0.0,,,,2025-01-14 09:30:00
202501-010,KVYO,SELL,2025-01-22 16:00,130.0,42.13,5476.900000000001,History,Imported Sell,348.4,0.0,nan,0.0,0.0,0.0,,,,2025-01-22 16:00:00
202501-015,ISRG,BUY,2025-01-28 09:30,26.0,572.67,14889.419999999998,History,Imported Buy,0.0,0.0,nan,0.0,0.0,0.0,,,,2025-01-28 09:30:00
202501-015,ISRG,SELL,2025-01-31 16:00,26.0,573.26,14904.76,History,Imported Sell,15.340000000000828,0.0,nan,0.0,0.0,0.0,,,,2025-01-31 16:00:00
202501-014,GRMN,BUY,2025-01-28 09:30,100.0,220.15,22015.0,History,Imported Buy,0.0,0.0,nan,0.0,0.0,0.0,,,,2025-01-28 09:30:00
202501-014,GRMN,SELL,2025-01-29 16:00,100.0,215.9,21590.0,History,Imported Sell,-425.0,0.0,nan,0.0,0.0,0.0,,,,2025-01-29 16:00:00
202501-013,LULU,BUY,2025-01-28 09:30,52.0,412.67,21458.84,History,Imported Buy,0.0,0.0,nan,0.0,0.0,0.0,,,,2025-01-28 09:30:00
202501-013,LULU,SELL,2025-02-03 16:00,52.0,403.41,20977.32,History,Imported Sell,-481.5199999999995,0.0,nan,0.0,0.0,0.0,,,,2025-02-03 16:00:00
202501-012,DOCS,BUY,2025-01-28 09:30,793.0,65.24,51735.31999999999,History,Imported Buy,0.0,0.0,nan,0.0,0.0,0.0,,,,2025-01-28 09:30:00
202501-012,DOCS,SELL,2025-02-27 16:00,793.0,72.31,57341.83,History,Imported Sell,5606.510000000006,0.0,nan,0.0,0.0,0.0,,,,2025-02-27 16:00:00
202501-011,SE,BUY,2025-01-28 09:30,175.0,121.19,21208.25,History,Imported Buy,0.0,0.0,nan,0.0,0.0,0.0,,,,2025-01-28 09:30:00
202501-011,SE,SELL,2025-02-20 16:00,175.0,131.74,23054.5,History,Imported Sell,1846.250000000002,0.0,nan,0.0,0.0,0.0,,,,2025-02-20 16:00:00
202501-016,APP,BUY,2025-01-29 09:30,88.0,390.2,34337.6,History,Imported Buy,0.0,0.0,nan,0.0,0.0,0.0,,,,2025-01-29 09:30:00
202501-016,APP,SELL,2025-02-20 16:00,88.0,427.96,37660.48,History,Imported Sell,3322.879999999999,0.0,nan,0.0,0.0,0.0,,,,2025-02-20 16:00:00
202501-017,XYZ,BUY,2025-01-29 09:30,225.0,89.73,20189.25,History,Imported Buy,0.0,0.0,nan,0.0,0.0,0.0,,,,2025-01-29 09:30:00
202501-017,XYZ,SELL,2025-02-04 16:00,225.0,85.7,19282.5,History,Imported Sell,-906.7500000000002,0.0,nan,0.0,0.0,0.0,,,,2025-02-04 16:00:00
202501-018,UAL,BUY,2025-01-29 09:30,210.0,108.48,22780.8,History,Imported Buy,0.0,0.0,nan,0.0,0.0,0.0,,,,2025-01-29 09:30:00
202501-018,UAL,SELL,2025-01-31 16:00,210.0,106.47,22358.7,History,Imported Sell,-422.10000000000105,0.0,nan,0.0,0.0,0.0,,,,2025-01-31 16:00:00
202501-019,SHOP,BUY,2025-01-30 09:30,200.0,119.49,23898.0,History,Imported Buy,0.0,0.0,nan,0.0,0.0,0.0,,,,2025-01-30 09:30:00
202501-019,SHOP,SELL,2025-01-31 16:00,200.0,116.47,23294.0,History,Imported Sell,-603.9999999999992,0.0,nan,0.0,0.0,0.0,,,,2025-01-31 16:00:00
202501-020,SNOW,BUY,2025-01-31 09:30,120.0,185.51,22261.199999999997,History,Imported Buy,0.0,0.0,nan,0.0,0.0,0.0,,,,2025-01-31 09:30:00
202501-020,SNOW,SELL,2025-02-05 16:00,120.0,183.73,22047.6,History,Imported Sell,-213.60000000000016,0.0,nan,0.0,0.0,0.0,,,,2025-02-05 16:00:00
202502-003,NFLX,BUY,2025-02-03 09:30,23.0,983.61,22623.03,History,Imported Buy,0.0,0.0,nan,0.0,0.0,0.0,,,,2025-02-03 09:30:00
202502-003,NFLX,SELL,2025-02-18 16:00,23.0,1035.18,23809.140000000003,History,Imported Sell,1186.110000000001,0.0,nan,0.0,0.0,0.0,,,,2025-02-18 16:00:00
202502-002,COST,BUY,2025-02-03 09:30,12.0,994.27,11931.24,History,Imported Buy,0.0,0.0,nan,0.0,0.0,0.0,,,,2025-02-03 09:30:00
202502-002,COST,SELL,2025-02-10 16:00,12.0,1049.91,12598.920000000002,History,Imported Sell,667.6800000000012,0.0,nan,0.0,0.0,0.0,,,,2025-02-10 16:00:00
202502-001,IBKR,BUY,2025-02-03 09:30,90.0,223.73,20135.7,History,Imported Buy,0.0,0.0,nan,0.0,0.0,0.0,,,,2025-02-03 09:30:00
202502-001,IBKR,SELL,2025-02-05 16:00,90.0,224.07,20166.3,History,Imported Sell,30.600000000000307,0.0,nan,0.0,0.0,0.0,,,,2025-02-05 16:00:00
202502-004,ISRG,BUY,2025-02-04 09:30,36.0,591.35,21288.6,History,Imported Buy,0.0,0.0,nan,0.0,0.0,0.0,,,,2025-02-04 09:30:00
202502-004,ISRG,SELL,2025-02-05 16:00,36.0,588.21,21175.56,History,Imported Sell,-113.03999999999952,0.0,nan,0.0,0.0,0.0,,,,2025-02-05 16:00:00
202502-005,IOT,BUY,2025-02-05 09:30,623.0,55.3,34451.9,History,Imported Buy,0.0,0.0,nan,0.0,0.0,0.0,,,,2025-02-05 09:30:00
202502-005,IOT,SELL,2025-02-19 16:00,623.0,58.58,36495.34,History,Imported Sell,2043.4400000000007,0.0,nan,0.0,0.0,0.0,,,,2025-02-19 16:00:00
202502-006,AXON,BUY,2025-02-05 09:30,33.0,678.93,22404.69,History,Imported Buy,0.0,0.0,nan,0.0,0.0,0.0,,,,2025-02-05 09:30:00
202502-006,AXON,SELL,2025-02-10 16:00,33.0,675.0,22275.0,History,Imported Sell,-129.68999999999835,0.0,nan,0.0,0.0,0.0,,,,2025-02-10 16:00:00
202502-007,DUOL,BUY,2025-02-12 09:30,45.0,386.0,17370.0,History,Imported Buy,0.0,0.0,nan,0.0,0.0,0.0,,,,2025-02-12 09:30:00
202502-007,DUOL,SELL,2025-02-18 16:00,45.0,428.82,19296.9,History,Imported Sell,1926.8999999999996,0.0,nan,0.0,0.0,0.0,,,,2025-02-18 16:00:00
202502-008,ARKK,BUY,2025-02-12 09:30,540.0,62.56,33782.4,History,Imported Buy,0.0,0.0,nan,0.0,0.0,0.0,,,,2025-02-12 09:30:00
202502-008,ARKK,SELL,2025-02-19 16:00,540.0,67.13,36250.2,History,Imported Sell,2467.7999999999965,0.0,nan,0.0,0.0,0.0,,,,2025-02-19 16:00:00
202502-009,SHOP,BUY,2025-02-12 09:30,144.0,122.0,17568.0,History,Imported Buy,0.0,0.0,nan,0.0,0.0,0.0,,,,2025-02-12 09:30:00
202502-009,SHOP,SELL,2025-02-18 16:00,144.0,126.92,18276.48,History,Imported Sell,708.4800000000002,0.0,nan,0.0,0.0,0.0,,,,2025-02-18 16:00:00
202502-010,SNOW,BUY,2025-02-12 09:30,93.0,187.92,17476.559999999998,History,Imported Buy,0.0,0.0,nan,0.0,0.0,0.0,,,,2025-02-12 09:30:00
202502-010,SNOW,SELL,2025-02-13 16:00,93.0,192.21,17875.530000000002,History,Imported Sell,398.9700000000019,0.0,nan,0.0,0.0,0.0,,,,2025-02-13 16:00:00
202502-011,GTLB,BUY,2025-02-12 09:30,246.0,70.32,17298.719999999998,History,Imported Buy,0.0,0.0,nan,0.0,0.0,0.0,,,,2025-02-12 09:30:00
202502-011,GTLB,SELL,2025-02-13 16:00,246.0,70.52,17347.92,History,Imported Sell,49.2000000000007,0.0,nan,0.0,0.0,0.0,,,,2025-02-13 16:00:00
202502-012,AXON,BUY,2025-02-14 09:30,54.0,675.09,36454.86,History,Imported Buy,0.0,0.0,nan,0.0,0.0,0.0,,,,2025-02-14 09:30:00
202502-012,AXON,SELL,2025-02-19 16:00,54.0,669.96,36177.84,History,Imported Sell,-277.01999999999975,0.0,nan,0.0,0.0,0.0,,,,2025-02-19 16:00:00
202502-013,TWLO,BUY,2025-02-18 09:30,154.0,125.43,19316.22,History,Imported Buy,0.0,0.0,nan,0.0,0.0,0.0,,,,2025-02-18 09:30:00
202502-013,TWLO,SELL,2025-02-19 16:00,154.0,120.4,18541.6,History,Imported Sell,-774.6200000000001,0.0,nan,0.0,0.0,0.0,,,,2025-02-19 16:00:00
202502-014,META,BUY,2025-02-19 09:30,51.0,699.14,35656.14,History,Imported Buy,0.0,0.0,nan,0.0,0.0,0.0,,,,2025-02-19 09:30:00
202502-014,META,SELL,2025-02-20 16:00,51.0,696.95,35544.450000000004,History,Imported Sell,-111.689999999997,0.0,nan,0.0,0.0,0.0,,,,2025-02-20 16:00:00
202502-015,ARKK,BUY,2025-02-19 09:30,540.0,66.66,35996.4,History,Imported Buy,0.0,0.0,nan,0.0,0.0,0.0,,,,2025-02-19 09:30:00
202502-015,ARKK,SELL,2025-02-19 16:00,540.0,65.51,35375.4,History,Imported Sell,-620.9999999999955,0.0,nan,0.0,0.0,0.0,,,,2025-02-19 16:00:00
202502-016,PLTR,BUY,2025-02-20 09:30,155.0,105.09,16288.95,History,Imported Buy,0.0,0.0,nan,0.0,0.0,0.0,,,,2025-02-20 09:30:00
202502-016,PLTR,SELL,2025-02-21 16:00,155.0,101.75,15771.25,History,Imported Sell,-517.7000000000005,0.0,nan,0.0,0.0,0.0,,,,2025-02-21 16:00:00
202502-017,META,BUY,2025-02-25 09:30,48.0,658.93,31628.64,History,Imported Buy,0.0,0.0,nan,0.0,0.0,0.0,,,,2025-02-25 09:30:00
202502-017,META,SELL,2025-02-27 16:00,48.0,658.7,31617.6,History,Imported Sell,-11.039999999995416,0.0,nan,0.0,0.0,0.0,,,,2025-02-27 16:00:00
202502-018,NFLX,BUY,2025-02-25 09:30,32.0,977.13,31268.16,History,Imported Buy,0.0,0.0,nan,0.0,0.0,0.0,,,,2025-02-25 09:30:00
202502-018,NFLX,SELL,2025-02-27 16:00,32.0,964.0,30848.0,History,Imported Sell,-420.15999999999985,0.0,nan,0.0,0.0,0.0,,,,2025-02-27 16:00:00
202502-019,SPOT,BUY,2025-02-26 09:30,52.0,605.43,31482.359999999997,History,Imported Buy,0.0,0.0,nan,0.0,0.0,0.0,,,,2025-02-26 09:30:00
202502-019,SPOT,SELL,2025-02-27 16:00,52.0,592.25,30797.0,History,Imported Sell,-685.3599999999974,0.0,nan,0.0,0.0,0.0,,,,2025-02-27 16:00:00
202502-023,TQQQ,BUY,2025-02-28 09:30,684.0,71.56,48947.04,History,Imported Buy,0.0,0.0,nan,0.0,0.0,0.0,,,,2025-02-28 09:30:00
202502-023,TQQQ,SELL,2025-03-03 16:00,684.0,70.0,47880.0,History,Imported Sell,-1067.0400000000016,0.0,nan,0.0,0.0,0.0,,,,2025-03-03 16:00:00
202502-022,TSLA,BUY,2025-02-28 09:30,93.0,291.21,27082.53,History,Imported Buy,0.0,0.0,nan,0.0,0.0,0.0,,,,2025-02-28 09:30:00
202502-022,TSLA,SELL,2025-03-03 16:00,93.0,281.33,26163.69,History,Imported Sell,-918.8399999999996,0.0,nan,0.0,0.0,0.0,,,,2025-03-03 16:00:00
202502-021,NFLX,BUY,2025-02-28 09:30,30.0,975.79,29273.699999999997,History,Imported Buy,0.0,0.0,nan,0.0,0.0,0.0,,,,2025-02-28 09:30:00
202502-021,NFLX,SELL,2025-03-03 16:00,30.0,968.76,29062.8,History,Imported Sell,-210.8999999999992,0.0,nan,0.0,0.0,0.0,,,,2025-03-03 16:00:00
202502-020,NET,BUY,2025-02-28 09:30,105.0,143.32,15048.6,History,Imported Buy,0.0,0.0,nan,0.0,0.0,0.0,,,,2025-02-28 09:30:00
202502-020,NET,SELL,2025-03-03 16:00,105.0,142.79,14992.95,History,Imported Sell,-55.65000000000012,0.0,nan,0.0,0.0,0.0,,,,2025-03-03 16:00:00
202503-001,PLTR,BUY,2025-03-03 09:30,340.0,88.96,30246.4,History,Imported Buy,0.0,0.0,nan,0.0,0.0,0.0,,,,2025-03-03 09:30:00
202503-001,PLTR,SELL,2025-03-03 16:00,340.0,83.16,28274.4,History,Imported Sell,-1971.999999999999,0.0,nan,0.0,0.0,0.0,,,,2025-03-03 16:00:00
202503-002,TQQQ,BUY,2025-03-19 09:30,243.0,61.91,15044.13,History,Imported Buy,0.0,0.0,nan,0.0,0.0,0.0,,,,2025-03-19 09:30:00
202503-002,TQQQ,SELL,2025-03-20 16:00,243.0,61.06,14837.58,History,Imported Sell,-206.54999999999865,0.0,nan,0.0,0.0,0.0,,,,2025-03-20 16:00:00
202503-003,DASH,BUY,2025-03-19 09:30,80.0,190.52,15241.6,History,Imported Buy,0.0,0.0,nan,0.0,0.0,0.0,,,,2025-03-19 09:30:00
202503-003,DASH,SELL,2025-03-20 16:00,80.0,191.2,15296.0,History,Imported Sell,54.39999999999827,0.0,nan,0.0,0.0,0.0,,,,2025-03-20 16:00:00
202503-004,TQQQ,BUY,2025-03-24 09:30,240.0,65.21,15650.399999999998,History,Imported Buy,0.0,0.0,nan,0.0,0.0,0.0,,,,2025-03-24 09:30:00
202503-004,TQQQ,SELL,2025-03-26 16:00,240.0,64.44,15465.6,History,Imported Sell,-184.79999999999905,0.0,nan,0.0,0.0,0.0,,,,2025-03-26 16:00:00
202503-005,PLTR,BUY,2025-03-24 09:30,377.0,94.41,35592.57,History,Imported Buy,0.0,0.0,nan,0.0,0.0,0.0,,,,2025-03-24 09:30:00
202503-005,PLTR,SELL,2025-03-28 16:00,377.0,90.54,34133.58,History,Imported Sell,-1458.9899999999964,0.0,nan,0.0,0.0,0.0,,,,2025-03-28 16:00:00
202503-006,UPRO,BUY,2025-03-24 09:30,239.0,79.87,19088.93,History,Imported Buy,0.0,0.0,nan,0.0,0.0,0.0,,,,2025-03-24 09:30:00
202503-006,UPRO,SELL,2025-03-28 16:00,239.0,80.31,19194.09,History,Imported Sell,105.15999999999946,0.0,nan,0.0,0.0,0.0,,,,2025-03-28 16:00:00
202503-007,DOCS,BUY,2025-03-25 09:30,225.0,67.19,15117.75,History,Imported Buy,0.0,0.0,nan,0.0,0.0,0.0,,,,2025-03-25 09:30:00
202503-007,DOCS,SELL,2025-03-26 16:00,225.0,64.21,14447.249999999998,History,Imported Sell,-670.5000000000009,0.0,nan,0.0,0.0,0.0,,,,2025-03-26 16:00:00
202503-008,SPOT,BUY,2025-03-27 09:30,27.0,582.33,15722.910000000002,History,Imported Buy,0.0,0.0,nan,0.0,0.0,0.0,,,,2025-03-27 09:30:00
202503-008,SPOT,SELL,2025-03-28 16:00,27.0,584.79,15789.329999999998,History,Imported Sell,66.41999999999791,0.0,nan,0.0,0.0,0.0,,,,2025-03-28 16:00:00
202504-001,TQQQ,BUY,2025-04-11 09:30,78.0,48.51,3783.78,History,Imported Buy,0.0,0.0,nan,0.0,0.0,0.0,,,,2025-04-11 09:30:00
202504-001,TQQQ,SELL,2025-04-16 16:00,78.0,47.06,3670.68,History,Imported Sell,-113.09999999999968,0.0,nan,0.0,0.0,0.0,,,,2025-04-16 16:00:00
202504-002,QQQ,BUY,2025-04-11 09:30,33.0,454.21,14988.929999999998,History,Imported Buy,0.0,0.0,nan,0.0,0.0,0.0,,,,2025-04-11 09:30:00
202504-002,QQQ,SELL,2025-04-15 16:00,33.0,460.81,15206.73,History,Imported Sell,217.80000000000075,0.0,nan,0.0,0.0,0.0,,,,2025-04-15 16:00:00
202504-003,HOOD,BUY,2025-04-11 09:30,327.0,43.6,14257.2,History,Imported Buy,0.0,0.0,nan,0.0,0.0,0.0,,,,2025-04-11 09:30:00
202504-003,HOOD,SELL,2025-04-16 16:00,327.0,41.51,13573.77,History,Imported Sell,-683.4300000000011,0.0,nan,0.0,0.0,0.0,,,,2025-04-16 16:00:00
202504-004,PLTR,BUY,2025-04-11 09:30,225.0,95.6,21510.0,History,Imported Buy,0.0,0.0,nan,0.0,0.0,0.0,,,,2025-04-11 09:30:00
202504-004,PLTR,SELL,2025-04-16 16:00,225.0,92.53,20819.25,History,Imported Sell,-690.7499999999984,0.0,nan,0.0,0.0,0.0,,,,2025-04-16 16:00:00
202504-005,TQQQ,BUY,2025-04-22 09:30,1423.0,64.61,91940.03,History,Imported Buy,0.0,0.0,nan,0.0,0.0,0.0,,,,2025-04-22 09:30:00
202504-005,TQQQ,SELL,2025-07-11 16:00,1423.0,74.38,105842.74,History,Imported Sell,13902.709999999994,0.0,nan,0.0,0.0,0.0,,,,2025-07-11 16:00:00
202504-008,HOOD,BUY,2025-04-23 09:30,3045.0,84.29,256663.05,History,Imported Buy,0.0,0.0,nan,0.0,0.0,0.0,,,,2025-04-23 09:30:00
202504-008,HOOD,SELL,2025-11-07 16:00,3045.0,101.1,307849.5,History,Imported Sell,51186.44999999996,0.0,nan,0.0,0.0,0.0,,,,2025-11-07 16:00:00
202504-009,PLTR,BUY,2025-04-23 09:30,1100.0,134.96,148456.0,History,Imported Buy,0.0,0.0,nan,0.0,0.0,0.0,,,,2025-04-23 09:30:00
202504-009,PLTR,SELL,2025-09-04 16:00,1100.0,147.22,161942.0,History,Imported Sell,13485.999999999987,0.0,nan,0.0,0.0,0.0,,,,2025-09-04 16:00:00
202504-006,SPOT,BUY,2025-04-23 09:30,25.0,607.49,15187.25,History,Imported Buy,0.0,0.0,nan,0.0,0.0,0.0,,,,2025-04-23 09:30:00
202504-006,SPOT,SELL,2025-04-29 16:00,25.0,558.3,13957.499999999998,History,Imported Sell,-1229.7500000000014,0.0,nan,0.0,0.0,0.0,,,,2025-04-29 16:00:00
202504-007,DASH,BUY,2025-04-23 09:30,81.0,186.11,15074.910000000002,History,Imported Buy,0.0,0.0,nan,0.0,0.0,0.0,,,,2025-04-23 09:30:00
202504-007,DASH,SELL,2025-05-07 16:00,81.0,184.55,14948.55,History,Imported Sell,-126.36000000000018,0.0,nan,0.0,0.0,0.0,,,,2025-05-07 16:00:00
202504-010,TSLA,BUY,2025-04-28 09:30,26.0,294.34,7652.839999999999,History,Imported Buy,0.0,0.0,nan,0.0,0.0,0.0,,,,2025-04-28 09:30:00
202504-010,TSLA,SELL,2025-04-29 16:00,26.0,280.9,7303.4,History,Imported Sell,-349.43999999999994,0.0,nan,0.0,0.0,0.0,,,,2025-04-29 16:00:00
202504-011,SPOT,BUY,2025-04-29 09:30,107.0,637.99,68264.93000000001,History,Imported Buy,0.0,0.0,nan,0.0,0.0,0.0,,,,2025-04-29 09:30:00
202504-011,SPOT,SELL,2025-07-18 16:00,107.0,669.23,71607.61,History,Imported Sell,3342.680000000001,0.0,nan,0.0,0.0,0.0,,,,2025-07-18 16:00:00
202504-013,GEV,BUY,2025-04-30 09:30,174.0,476.32,82879.68,History,Imported Buy,0.0,0.0,nan,0.0,0.0,0.0,,,,2025-04-30 09:30:00
202504-013,GEV,SELL,2025-08-20 16:00,174.0,598.82,104194.68,History,Imported Sell,21315.00000000001,0.0,nan,0.0,0.0,0.0,,,,2025-08-20 16:00:00
202504-014,HIMS,BUY,2025-04-30 09:30,1555.0,49.15,76428.25,History,Imported Buy,0.0,0.0,nan,0.0,0.0,0.0,,,,2025-04-30 09:30:00
202504-014,HIMS,SELL,2025-06-23 16:00,1555.0,49.14,76412.7,History,Imported Sell,-15.549999999996906,0.0,nan,0.0,0.0,0.0,,,,2025-06-23 16:00:00
202504-015,BKNG,BUY,2025-04-30 09:30,3.0,5039.17,15117.51,History,Imported Buy,0.0,0.0,nan,0.0,0.0,0.0,,,,2025-04-30 09:30:00
202504-015,BKNG,SELL,2025-05-09 16:00,3.0,5112.61,15337.829999999998,History,Imported Sell,220.3199999999988,0.0,nan,0.0,0.0,0.0,,,,2025-05-09 16:00:00
202505-001,ODD,BUY,2025-05-01 09:30,351.0,62.91,22081.41,History,Imported Buy,0.0,0.0,nan,0.0,0.0,0.0,,,,2025-05-01 09:30:00
202505-001,ODD,SELL,2025-05-13 16:00,351.0,61.98,21754.98,History,Imported Sell,-326.4299999999999,0.0,nan,0.0,0.0,0.0,,,,2025-05-13 16:00:00
202505-002,RBRK,BUY,2025-05-05 09:30,354.0,83.83,29675.82,History,Imported Buy,0.0,0.0,nan,0.0,0.0,0.0,,,,2025-05-05 09:30:00
202505-002,RBRK,SELL,2025-06-10 16:00,354.0,90.27,31955.58,History,Imported Sell,2279.7599999999993,0.0,nan,0.0,0.0,0.0,,,,2025-06-10 16:00:00
202505-003,FETH,BUY,2025-05-08 09:30,334.0,22.32,7454.88,History,Imported Buy,0.0,0.0,nan,0.0,0.0,0.0,,,,2025-05-08 09:30:00
202505-003,FETH,SELL,2025-05-14 16:00,334.0,26.15,8734.1,History,Imported Sell,1279.2199999999991,0.0,nan,0.0,0.0,0.0,,,,2025-05-14 16:00:00
202505-004,TSLA,BUY,2025-05-09 09:30,93.0,313.22,29129.460000000003,History,Imported Buy,0.0,0.0,nan,0.0,0.0,0.0,,,,2025-05-09 09:30:00
202505-004,TSLA,SELL,2025-06-05 16:00,93.0,314.27,29227.109999999997,History,Imported Sell,97.64999999999576,0.0,nan,0.0,0.0,0.0,,,,2025-06-05 16:00:00
202505-005,GDX,BUY,2025-05-09 09:30,657.0,50.17,32961.69,History,Imported Buy,0.0,0.0,nan,0.0,0.0,0.0,,,,2025-05-09 09:30:00
202505-005,GDX,SELL,2025-05-12 16:00,657.0,47.78,31391.46,History,Imported Sell,-1570.2300000000005,0.0,nan,0.0,0.0,0.0,,,,2025-05-12 16:00:00
202505-007,CRWV,BUY,2025-05-12 09:30,900.0,111.86,100674.0,History,Imported Buy,0.0,0.0,nan,0.0,0.0,0.0,,,,2025-05-12 09:30:00
202505-007,CRWV,SELL,2025-07-29 16:00,900.0,133.33,119997.0,History,Imported Sell,19323.00000000001,0.0,nan,0.0,0.0,0.0,,,,2025-07-29 16:00:00
202505-008,UBER,BUY,2025-05-12 09:30,315.0,86.68,27304.2,History,Imported Buy,0.0,0.0,nan,0.0,0.0,0.0,,,,2025-05-12 09:30:00
202505-008,UBER,SELL,2025-05-20 16:00,315.0,91.46,28809.9,History,Imported Sell,1505.699999999996,0.0,nan,0.0,0.0,0.0,,,,2025-05-20 16:00:00
202505-006,RBLX,BUY,2025-05-12 09:30,336.0,74.3,24964.8,History,Imported Buy,0.0,0.0,nan,0.0,0.0,0.0,,,,2025-05-12 09:30:00
202505-006,RBLX,SELL,2025-05-20 16:00,336.0,81.16,27269.76,History,Imported Sell,2304.96,0.0,nan,0.0,0.0,0.0,,,,2025-05-20 16:00:00
202505-009,NVDA,BUY,2025-05-13 09:30,500.0,142.72,71360.0,History,Imported Buy,0.0,0.0,nan,0.0,0.0,0.0,,,,2025-05-13 09:30:00
202505-009,NVDA,SELL,2025-08-20 16:00,500.0,171.78,85890.0,History,Imported Sell,14530.000000000002,0.0,nan,0.0,0.0,0.0,,,,2025-08-20 16:00:00
202505-010,NFLX,BUY,2025-05-14 09:30,25.0,1154.04,28851.0,History,Imported Buy,0.0,0.0,nan,0.0,0.0,0.0,,,,2025-05-14 09:30:00
202505-010,NFLX,SELL,2025-05-23 16:00,25.0,1185.73,29643.25,History,Imported Sell,792.2500000000014,0.0,nan,0.0,0.0,0.0,,,,2025-05-23 16:00:00
202505-011,BIRK,BUY,2025-05-16 09:30,327.0,58.07,18988.89,History,Imported Buy,0.0,0.0,nan,0.0,0.0,0.0,,,,2025-05-16 09:30:00
202505-011,BIRK,SELL,2025-05-16 16:00,327.0,56.9,18606.3,History,Imported Sell,-382.59000000000054,0.0,nan,0.0,0.0,0.0,,,,2025-05-16 16:00:00
202505-012,BROS,BUY,2025-05-16 09:30,393.0,72.86,28633.98,History,Imported Buy,0.0,0.0,nan,0.0,0.0,0.0,,,,2025-05-16 09:30:00
202505-012,BROS,SELL,2025-05-19 16:00,393.0,73.15,28747.95,History,Imported Sell,113.97000000000246,0.0,nan,0.0,0.0,0.0,,,,2025-05-19 16:00:00
202505-013,APP,BUY,2025-05-19 09:30,54.0,372.64,20122.56,History,Imported Buy,0.0,0.0,nan,0.0,0.0,0.0,,,,2025-05-19 09:30:00
202505-013,APP,SELL,2025-05-20 16:00,54.0,368.51,19899.54,History,Imported Sell,-223.01999999999975,0.0,nan,0.0,0.0,0.0,,,,2025-05-20 16:00:00
202505-014,DUOL,BUY,2025-05-20 09:30,15.0,526.61,7899.150000000001,History,Imported Buy,0.0,0.0,nan,0.0,0.0,0.0,,,,2025-05-20 09:30:00
202505-014,DUOL,SELL,2025-05-20 16:00,15.0,521.4,7821.0,History,Imported Sell,-78.15000000000055,0.0,nan,0.0,0.0,0.0,,,,2025-05-20 16:00:00
202505-015,META,BUY,2025-05-21 09:30,63.0,644.81,40623.03,History,Imported Buy,0.0,0.0,nan,0.0,0.0,0.0,,,,2025-05-21 09:30:00
202505-015,META,SELL,2025-05-21 16:00,63.0,633.29,39897.27,History,Imported Sell,-725.7599999999989,0.0,nan,0.0,0.0,0.0,,,,2025-05-21 16:00:00
202505-016,TOST,BUY,2025-05-22 09:30,699.0,42.82,29931.18,History,Imported Buy,0.0,0.0,nan,0.0,0.0,0.0,,,,2025-05-22 09:30:00
202505-016,TOST,SELL,2025-05-23 16:00,699.0,42.56,29749.44,History,Imported Sell,-181.73999999999864,0.0,nan,0.0,0.0,0.0,,,,2025-05-23 16:00:00
202505-017,IBIT,BUY,2025-05-22 09:30,150.0,62.5,9375.0,History,Imported Buy,0.0,0.0,nan,0.0,0.0,0.0,,,,2025-05-22 09:30:00
202505-017,IBIT,SELL,2025-05-23 16:00,150.0,61.63,9244.5,History,Imported Sell,-130.4999999999996,0.0,nan,0.0,0.0,0.0,,,,2025-05-23 16:00:00
202505-018,SE,BUY,2025-05-23 09:30,125.0,165.03,20628.75,History,Imported Buy,0.0,0.0,nan,0.0,0.0,0.0,,,,2025-05-23 09:30:00
202505-018,SE,SELL,2025-05-29 16:00,125.0,160.78,20097.5,History,Imported Sell,-531.25,0.0,nan,0.0,0.0,0.0,,,,2025-05-29 16:00:00
202505-019,OKLO,BUY,2025-05-27 09:30,768.0,52.72,40488.96,History,Imported Buy,0.0,0.0,nan,0.0,0.0,0.0,,,,2025-05-27 09:30:00
202505-019,OKLO,SELL,2025-05-29 16:00,768.0,52.27,40143.36,History,Imported Sell,-345.5999999999967,0.0,nan,0.0,0.0,0.0,,,,2025-05-29 16:00:00
202505-020,AS,BUY,2025-05-27 09:30,525.0,38.29,20102.25,History,Imported Buy,0.0,0.0,nan,0.0,0.0,0.0,,,,2025-05-27 09:30:00
202505-020,AS,SELL,2025-05-29 16:00,525.0,36.73,19283.25,History,Imported Sell,-819.0000000000011,0.0,nan,0.0,0.0,0.0,,,,2025-05-29 16:00:00
202505-021,LTBR,BUY,2025-05-28 09:30,500.0,17.32,8660.0,History,Imported Buy,0.0,0.0,nan,0.0,0.0,0.0,,,,2025-05-28 09:30:00
202505-021,LTBR,SELL,2025-05-28 16:00,500.0,16.8,8400.0,History,Imported Sell,-259.9999999999998,0.0,nan,0.0,0.0,0.0,,,,2025-05-28 16:00:00
202505-022,DUOL,BUY,2025-05-30 09:30,81.0,504.35,40852.35,History,Imported Buy,0.0,0.0,nan,0.0,0.0,0.0,,,,2025-05-30 09:30:00
202505-022,DUOL,SELL,2025-06-09 16:00,81.0,499.14,40430.34,History,Imported Sell,-422.01000000000295,0.0,nan,0.0,0.0,0.0,,,,2025-06-09 16:00:00
202506-002,NBIS,BUY,2025-06-05 09:30,466.0,48.15,22437.9,History,Imported Buy,0.0,0.0,nan,0.0,0.0,0.0,,,,2025-06-05 09:30:00
202506-002,NBIS,SELL,2025-06-20 16:00,466.0,48.09,22409.94,History,Imported Sell,-27.95999999999775,0.0,nan,0.0,0.0,0.0,,,,2025-06-20 16:00:00
202506-001,ETOR,BUY,2025-06-05 09:30,348.0,69.5,24186.0,History,Imported Buy,0.0,0.0,nan,0.0,0.0,0.0,,,,2025-06-05 09:30:00
202506-001,ETOR,SELL,2025-06-05 16:00,348.0,63.38,22056.24,History,Imported Sell,-2129.7599999999993,0.0,nan,0.0,0.0,0.0,,,,2025-06-05 16:00:00
202506-003,VIK,BUY,2025-06-06 09:30,452.0,48.59,21962.68,History,Imported Buy,0.0,0.0,nan,0.0,0.0,0.0,,,,2025-06-06 09:30:00
202506-003,VIK,SELL,2025-06-09 16:00,452.0,48.54,21940.08,History,Imported Sell,-22.600000000001927,0.0,nan,0.0,0.0,0.0,,,,2025-06-09 16:00:00
202506-004,ETOR,BUY,2025-06-09 09:30,126.0,69.33,8735.58,History,Imported Buy,0.0,0.0,nan,0.0,0.0,0.0,,,,2025-06-09 09:30:00
202506-004,ETOR,SELL,2025-06-11 16:00,126.0,65.0,8190.0,History,Imported Sell,-545.5799999999998,0.0,nan,0.0,0.0,0.0,,,,2025-06-11 16:00:00
202506-005,OKLO,BUY,2025-06-09 09:30,585.0,57.75,33783.75,History,Imported Buy,0.0,0.0,nan,0.0,0.0,0.0,,,,2025-06-09 09:30:00
202506-005,OKLO,SELL,2025-06-20 16:00,585.0,57.87,33853.95,History,Imported Sell,70.19999999999851,0.0,nan,0.0,0.0,0.0,,,,2025-06-20 16:00:00
202506-006,AMZN,BUY,2025-06-09 09:30,160.0,216.48,34636.799999999996,History,Imported Buy,0.0,0.0,nan,0.0,0.0,0.0,,,,2025-06-09 09:30:00
202506-006,AMZN,SELL,2025-06-11 16:00,160.0,214.59,34334.4,History,Imported Sell,-302.3999999999978,0.0,nan,0.0,0.0,0.0,,,,2025-06-11 16:00:00
202506-007,NRG,BUY,2025-06-11 09:30,159.0,151.1,24024.9,History,Imported Buy,0.0,0.0,nan,0.0,0.0,0.0,,,,2025-06-11 09:30:00
202506-007,NRG,SELL,2025-06-17 16:00,159.0,151.91,24153.69,History,Imported Sell,128.79000000000036,0.0,nan,0.0,0.0,0.0,,,,2025-06-17 16:00:00
202506-008,SHOP,BUY,2025-06-11 09:30,215.0,112.69,24228.35,History,Imported Buy,0.0,0.0,nan,0.0,0.0,0.0,,,,2025-06-11 09:30:00
202506-008,SHOP,SELL,2025-06-12 16:00,215.0,109.77,23600.55,History,Imported Sell,-627.8000000000004,0.0,nan,0.0,0.0,0.0,,,,2025-06-12 16:00:00
202506-009,BROS,BUY,2025-06-23 09:30,675.0,68.8,46440.0,History,Imported Buy,0.0,0.0,nan,0.0,0.0,0.0,,,,2025-06-23 09:30:00
202506-009,BROS,SELL,2025-06-26 16:00,675.0,66.48,44874.0,History,Imported Sell,-1565.9999999999957,0.0,nan,0.0,0.0,0.0,,,,2025-06-26 16:00:00
202506-010,RBRK,BUY,2025-06-23 09:30,390.0,89.29,34823.100000000006,History,Imported Buy,0.0,0.0,nan,0.0,0.0,0.0,,,,2025-06-23 09:30:00
202506-010,RBRK,SELL,2025-06-24 16:00,390.0,89.16,34772.4,History,Imported Sell,-50.70000000000377,0.0,nan,0.0,0.0,0.0,,,,2025-06-24 16:00:00
202506-011,NET,BUY,2025-06-23 09:30,235.0,183.88,43211.8,History,Imported Buy,0.0,0.0,nan,0.0,0.0,0.0,,,,2025-06-23 09:30:00
202506-011,NET,SELL,2025-07-10 16:00,235.0,184.45,43345.75,History,Imported Sell,133.9499999999984,0.0,nan,0.0,0.0,0.0,,,,2025-07-10 16:00:00
202506-012,CRCL,BUY,2025-06-26 09:30,90.0,209.33,18839.7,History,Imported Buy,0.0,0.0,nan,0.0,0.0,0.0,,,,2025-06-26 09:30:00
202506-012,CRCL,SELL,2025-06-27 16:00,90.0,202.81,18252.9,History,Imported Sell,-586.8000000000009,0.0,nan,0.0,0.0,0.0,,,,2025-06-27 16:00:00
202506-013,CHYM,BUY,2025-06-30 09:30,420.0,33.34,14002.8,History,Imported Buy,0.0,0.0,nan,0.0,0.0,0.0,,,,2025-06-30 09:30:00
202506-013,CHYM,SELL,2025-07-02 16:00,420.0,31.25,13125.0,History,Imported Sell,-877.8000000000014,0.0,nan,0.0,0.0,0.0,,,,2025-07-02 16:00:00
202507-001,AMD,BUY,2025-07-01 09:30,653.0,157.88,103095.64,History,Imported Buy,0.0,0.0,nan,0.0,0.0,0.0,,,,2025-07-01 09:30:00
202507-001,AMD,SELL,2025-08-20 16:00,653.0,168.64,110121.92,History,Imported Sell,7026.279999999994,0.0,nan,0.0,0.0,0.0,,,,2025-08-20 16:00:00
202507-002,CRDO,BUY,2025-07-03 09:30,542.0,93.06,50438.52,History,Imported Buy,0.0,0.0,nan,0.0,0.0,0.0,,,,2025-07-03 09:30:00
202507-002,CRDO,SELL,2025-07-18 16:00,542.0,91.2,49430.4,History,Imported Sell,-1008.1199999999995,0.0,nan,0.0,0.0,0.0,,,,2025-07-18 16:00:00
202507-003,SHOP,BUY,2025-07-03 09:30,246.0,117.01,28784.460000000003,History,Imported Buy,0.0,0.0,nan,0.0,0.0,0.0,,,,2025-07-03 09:30:00
202507-003,SHOP,SELL,2025-07-08 16:00,246.0,111.9,27527.4,History,Imported Sell,-1257.06,0.0,nan,0.0,0.0,0.0,,,,2025-07-08 16:00:00
202507-005,ARKK,BUY,2025-07-09 09:30,210.0,72.22,15166.2,History,Imported Buy,0.0,0.0,nan,0.0,0.0,0.0,,,,2025-07-09 09:30:00
202507-005,ARKK,SELL,2025-07-11 16:00,210.0,72.71,15269.1,History,Imported Sell,102.89999999999893,0.0,nan,0.0,0.0,0.0,,,,2025-07-11 16:00:00
202507-004,CRCL,BUY,2025-07-08 09:30,85.0,196.32,16687.2,History,Imported Buy,0.0,0.0,nan,0.0,0.0,0.0,,,,2025-07-08 09:30:00
202507-004,CRCL,SELL,2025-07-11 16:00,85.0,195.12,16585.2,History,Imported Sell,-101.99999999999903,0.0,nan,0.0,0.0,0.0,,,,2025-07-11 16:00:00
202507-008,FNGO,BUY,2025-07-14 09:30,425.0,108.74,46214.5,History,Imported Buy,0.0,0.0,nan,0.0,0.0,0.0,,,,2025-07-14 09:30:00
202507-008,FNGO,SELL,2025-07-16 16:00,425.0,108.23,45997.75,History,Imported Sell,-216.7499999999961,0.0,nan,0.0,0.0,0.0,,,,2025-07-16 16:00:00
202507-009,TQQQ,BUY,2025-07-16 09:30,563.0,85.65,48220.95,History,Imported Buy,0.0,0.0,nan,0.0,0.0,0.0,,,,2025-07-16 09:30:00
202507-009,TQQQ,SELL,2025-07-22 16:00,563.0,86.53,48716.39,History,Imported Sell,495.43999999999744,0.0,nan,0.0,0.0,0.0,,,,2025-07-22 16:00:00
202507-010,ETHU,BUY,2025-07-17 09:30,134.0,112.42,15064.28,History,Imported Buy,0.0,0.0,nan,0.0,0.0,0.0,,,,2025-07-17 09:30:00
202507-010,ETHU,SELL,2025-08-04 16:00,134.0,112.65,15095.1,History,Imported Sell,30.820000000000533,0.0,nan,0.0,0.0,0.0,,,,2025-08-04 16:00:00
202507-014,IREN,BUY,2025-07-18 09:30,1000.0,18.68,18680.0,History,Imported Buy,0.0,0.0,nan,0.0,0.0,0.0,,,,2025-07-18 09:30:00
202507-014,IREN,SELL,2025-07-31 16:00,1000.0,17.85,17850.0,History,Imported Sell,-829.9999999999983,0.0,nan,0.0,0.0,0.0,,,,2025-07-31 16:00:00
202507-011,CRDO,BUY,2025-07-18 09:30,542.0,92.26,50004.920000000006,History,Imported Buy,0.0,0.0,nan,0.0,0.0,0.0,,,,2025-07-18 09:30:00
202507-011,CRDO,SELL,2025-07-21 16:00,542.0,90.55,49078.1,History,Imported Sell,-926.8200000000044,0.0,nan,0.0,0.0,0.0,,,,2025-07-21 16:00:00
202507-012,SNOW,BUY,2025-07-18 09:30,231.0,216.32,49969.92,History,Imported Buy,0.0,0.0,nan,0.0,0.0,0.0,,,,2025-07-18 09:30:00
202507-012,SNOW,SELL,2025-07-22 16:00,231.0,214.75,49607.25,History,Imported Sell,-362.6699999999984,0.0,nan,0.0,0.0,0.0,,,,2025-07-22 16:00:00
202507-013,TSLA,BUY,2025-07-18 09:30,100.0,329.08,32908.0,History,Imported Buy,0.0,0.0,nan,0.0,0.0,0.0,,,,2025-07-18 09:30:00
202507-013,TSLA,SELL,2025-07-21 16:00,100.0,328.42,32842.0,History,Imported Sell,-65.99999999999682,0.0,nan,0.0,0.0,0.0,,,,2025-07-21 16:00:00
202507-015,COIN,BUY,2025-07-21 09:30,45.0,404.03,18181.35,History,Imported Buy,0.0,0.0,nan,0.0,0.0,0.0,,,,2025-07-21 09:30:00
202507-015,COIN,SELL,2025-07-29 16:00,45.0,371.41,16713.45,History,Imported Sell,-1467.8999999999976,0.0,nan,0.0,0.0,0.0,,,,2025-07-29 16:00:00
202507-016,NFLX,BUY,2025-07-21 09:30,13.0,1234.42,16047.46,History,Imported Buy,0.0,0.0,nan,0.0,0.0,0.0,,,,2025-07-21 09:30:00
202507-016,NFLX,SELL,2025-07-22 16:00,13.0,1193.51,15515.63,History,Imported Sell,-531.8300000000011,0.0,nan,0.0,0.0,0.0,,,,2025-07-22 16:00:00
202507-019,CRDO,BUY,2025-07-23 09:30,443.0,99.74,44184.82,History,Imported Buy,0.0,0.0,nan,0.0,0.0,0.0,,,,2025-07-23 09:30:00
202507-019,CRDO,SELL,2025-08-13 16:00,443.0,118.31,52411.33,History,Imported Sell,8226.510000000004,0.0,nan,0.0,0.0,0.0,,,,2025-08-13 16:00:00
202507-017,TSLA,BUY,2025-07-21 09:30,4.0,1406.68,5626.72,History,Imported Buy,0.0,0.0,nan,0.0,0.0,0.0,,,,2025-07-21 09:30:00
202507-017,TSLA,SELL,2025-07-30 16:00,4.0,1316.75,5267.0,History,Imported Sell,-359.72000000000025,0.0,nan,0.0,0.0,0.0,,,,2025-07-30 16:00:00
202507-007,GOOGL,BUY,2025-07-10 09:30,180.0,189.02,34023.6,History,Imported Buy,0.0,0.0,nan,0.0,0.0,0.0,,,,2025-07-10 09:30:00
202507-007,GOOGL,SELL,2025-08-11 16:00,180.0,200.65,36117.0,History,Imported Sell,2093.399999999999,0.0,nan,0.0,0.0,0.0,,,,2025-08-11 16:00:00
202507-006,AMZN,BUY,2025-07-10 09:30,100.0,20.76,2076.0,History,Imported Buy,0.0,0.0,nan,0.0,0.0,0.0,,,,2025-07-10 09:30:00
202507-006,AMZN,SELL,2025-07-30 16:00,100.0,24.73,2473.0,History,Imported Sell,396.9999999999999,0.0,nan,0.0,0.0,0.0,,,,2025-07-30 16:00:00
202507-020,CRWV,BUY,2025-07-29 09:30,304.0,111.17,33795.68,History,Imported Buy,0.0,0.0,nan,0.0,0.0,0.0,,,,2025-07-29 09:30:00
202507-020,CRWV,SELL,2025-07-29 16:00,304.0,109.05,33151.2,History,Imported Sell,-644.4800000000014,0.0,nan,0.0,0.0,0.0,,,,2025-07-29 16:00:00
202507-021,CRWV,BUY,2025-07-31 09:30,147.0,113.97,16753.59,History,Imported Buy,0.0,0.0,nan,0.0,0.0,0.0,,,,2025-07-31 09:30:00
202507-021,CRWV,SELL,2025-08-01 16:00,147.0,103.73,15248.31,History,Imported Sell,-1505.2799999999993,0.0,nan,0.0,0.0,0.0,,,,2025-08-01 16:00:00
202507-022,COIN,BUY,2025-07-31 09:30,50.0,377.97,18898.5,History,Imported Buy,0.0,0.0,nan,0.0,0.0,0.0,,,,2025-07-31 09:30:00
202507-022,COIN,SELL,2025-08-01 16:00,50.0,322.11,16105.5,History,Imported Sell,-2793.000000000001,0.0,nan,0.0,0.0,0.0,,,,2025-08-01 16:00:00
202507-023,TQQQ,BUY,2025-07-31 09:30,181.0,86.53,15661.93,History,Imported Buy,0.0,0.0,nan,0.0,0.0,0.0,,,,2025-07-31 09:30:00
202507-023,TQQQ,SELL,2025-08-11 16:00,181.0,92.23,16693.63,History,Imported Sell,1031.7000000000005,0.0,nan,0.0,0.0,0.0,,,,2025-08-11 16:00:00
202508-001,ARKK,BUY,2025-08-01 09:30,425.0,71.41,30349.25,History,Imported Buy,0.0,0.0,nan,0.0,0.0,0.0,,,,2025-08-01 09:30:00
202508-001,ARKK,SELL,2025-08-11 16:00,425.0,74.5,31662.5,History,Imported Sell,1313.2500000000014,0.0,nan,0.0,0.0,0.0,,,,2025-08-11 16:00:00
202508-002,META,BUY,2025-08-01 09:30,47.0,761.91,35809.77,History,Imported Buy,0.0,0.0,nan,0.0,0.0,0.0,,,,2025-08-01 09:30:00
202508-002,META,SELL,2025-08-11 16:00,47.0,768.19,36104.93,History,Imported Sell,295.16000000000406,0.0,nan,0.0,0.0,0.0,,,,2025-08-11 16:00:00
202508-004,NET,BUY,2025-08-04 09:30,154.0,206.93,31867.22,History,Imported Buy,0.0,0.0,nan,0.0,0.0,0.0,,,,2025-08-04 09:30:00
202508-004,NET,SELL,2025-08-08 16:00,154.0,205.67,31673.179999999997,History,Imported Sell,-194.04000000000295,0.0,nan,0.0,0.0,0.0,,,,2025-08-08 16:00:00
202508-005,ZETA,BUY,2025-08-07 09:30,750.0,20.58,15434.999999999998,History,Imported Buy,0.0,0.0,nan,0.0,0.0,0.0,,,,2025-08-07 09:30:00
202508-005,ZETA,SELL,2025-08-07 16:00,750.0,20.09,15067.5,History,Imported Sell,-367.4999999999988,0.0,nan,0.0,0.0,0.0,,,,2025-08-07 16:00:00
202508-006,CRWV,BUY,2025-08-07 09:30,382.0,127.31,48632.42,History,Imported Buy,0.0,0.0,nan,0.0,0.0,0.0,,,,2025-08-07 09:30:00
202508-006,CRWV,SELL,2025-08-13 16:00,382.0,124.33,47494.06,History,Imported Sell,-1138.3600000000015,0.0,nan,0.0,0.0,0.0,,,,2025-08-13 16:00:00
202508-007,RKLB,BUY,2025-08-08 09:30,476.0,46.54,22153.04,History,Imported Buy,0.0,0.0,nan,0.0,0.0,0.0,,,,2025-08-08 09:30:00
202508-007,RKLB,SELL,2025-08-08 16:00,476.0,45.23,21529.48,History,Imported Sell,-623.5600000000011,0.0,nan,0.0,0.0,0.0,,,,2025-08-08 16:00:00
202508-008,SHOP,BUY,2025-08-13 09:30,381.0,150.34,57279.54,History,Imported Buy,0.0,0.0,nan,0.0,0.0,0.0,,,,2025-08-13 09:30:00
202508-008,SHOP,SELL,2025-08-15 16:00,381.0,142.19,54174.39,History,Imported Sell,-3105.1500000000024,0.0,nan,0.0,0.0,0.0,,,,2025-08-15 16:00:00
202508-009,APP,BUY,2025-08-14 09:30,128.0,435.57,55752.96,History,Imported Buy,0.0,0.0,nan,0.0,0.0,0.0,,,,2025-08-14 09:30:00
202508-009,APP,SELL,2025-08-20 16:00,128.0,407.02,52098.56,History,Imported Sell,-3654.4000000000015,0.0,nan,0.0,0.0,0.0,,,,2025-08-20 16:00:00
202508-011,NFLX,BUY,2025-08-14 09:30,45.0,1239.35,55770.74999999999,History,Imported Buy,0.0,0.0,nan,0.0,0.0,0.0,,,,2025-08-14 09:30:00
202508-011,NFLX,SELL,2025-08-20 16:00,45.0,1209.75,54438.75,History,Imported Sell,-1331.999999999996,0.0,nan,0.0,0.0,0.0,,,,2025-08-20 16:00:00
202508-010,RBLX,BUY,2025-08-14 09:30,526.0,124.25,65355.5,History,Imported Buy,0.0,0.0,nan,0.0,0.0,0.0,,,,2025-08-14 09:30:00
202508-010,RBLX,SELL,2025-08-20 16:00,526.0,115.52,60763.52,History,Imported Sell,-4591.980000000002,0.0,nan,0.0,0.0,0.0,,,,2025-08-20 16:00:00
202508-012,CRWV,BUY,2025-08-15 09:30,341.0,101.43,34587.630000000005,History,Imported Buy,0.0,0.0,nan,0.0,0.0,0.0,,,,2025-08-15 09:30:00
202508-012,CRWV,SELL,2025-08-28 16:00,341.0,98.21,33489.61,History,Imported Sell,-1098.0200000000043,0.0,nan,0.0,0.0,0.0,,,,2025-08-28 16:00:00
202508-013,TQQQ,BUY,2025-08-20 09:30,400.0,86.44,34576.0,History,Imported Buy,0.0,0.0,nan,0.0,0.0,0.0,,,,2025-08-20 09:30:00
202508-013,TQQQ,SELL,2025-08-20 16:00,400.0,85.1,34040.0,History,Imported Sell,-536.0000000000014,0.0,nan,0.0,0.0,0.0,,,,2025-08-20 16:00:00
202508-014,ALAB,BUY,2025-08-20 09:30,242.0,173.73,42042.66,History,Imported Buy,0.0,0.0,nan,0.0,0.0,0.0,,,,2025-08-20 09:30:00
202508-014,ALAB,SELL,2025-09-02 16:00,242.0,169.93,41123.060000000005,History,Imported Sell,-919.5999999999958,0.0,nan,0.0,0.0,0.0,,,,2025-09-02 16:00:00
202508-015,RBLX,BUY,2025-08-20 09:30,422.0,121.46,51256.119999999995,History,Imported Buy,0.0,0.0,nan,0.0,0.0,0.0,,,,2025-08-20 09:30:00
202508-015,RBLX,SELL,2025-09-04 16:00,422.0,129.08,54471.76,History,Imported Sell,3215.640000000008,0.0,nan,0.0,0.0,0.0,,,,2025-09-04 16:00:00
202508-016,GEV,BUY,2025-08-21 09:30,75.0,614.34,46075.5,History,Imported Buy,0.0,0.0,nan,0.0,0.0,0.0,,,,2025-08-21 09:30:00
202508-016,GEV,SELL,2025-09-02 16:00,75.0,580.65,43548.75,History,Imported Sell,-2526.750000000004,0.0,nan,0.0,0.0,0.0,,,,2025-09-02 16:00:00
202508-017,APP,BUY,2025-08-21 09:30,158.0,498.07,78695.06,History,Imported Buy,0.0,0.0,nan,0.0,0.0,0.0,,,,2025-08-21 09:30:00
202508-017,APP,SELL,2025-10-06 16:00,158.0,597.02,94329.16,History,Imported Sell,15634.1,0.0,nan,0.0,0.0,0.0,,,,2025-10-06 16:00:00
202508-018,TQQQ,BUY,2025-08-22 09:30,510.0,90.71,46262.1,History,Imported Buy,0.0,0.0,nan,0.0,0.0,0.0,,,,2025-08-22 09:30:00
202508-018,TQQQ,SELL,2025-09-02 16:00,510.0,84.6,43146.0,History,Imported Sell,-3116.1,0.0,nan,0.0,0.0,0.0,,,,2025-09-02 16:00:00
202508-021,NVDA,BUY,2025-08-25 09:30,252.0,181.78,45808.56,History,Imported Buy,0.0,0.0,nan,0.0,0.0,0.0,,,,2025-08-25 09:30:00
202508-021,NVDA,SELL,2025-09-02 16:00,252.0,170.39,42938.28,History,Imported Sell,-2870.280000000004,0.0,nan,0.0,0.0,0.0,,,,2025-09-02 16:00:00
202508-020,MGNI,BUY,2025-08-25 09:30,1817.0,25.53,46388.01,History,Imported Buy,0.0,0.0,nan,0.0,0.0,0.0,,,,2025-08-25 09:30:00
202508-020,MGNI,SELL,2025-09-02 16:00,1817.0,24.41,44352.97,History,Imported Sell,-2035.0400000000016,0.0,nan,0.0,0.0,0.0,,,,2025-09-02 16:00:00
202508-022,NBIS,BUY,2025-08-25 09:30,450.0,69.56,31302.0,History,Imported Buy,0.0,0.0,nan,0.0,0.0,0.0,,,,2025-08-25 09:30:00
202508-022,NBIS,SELL,2025-09-02 16:00,450.0,65.79,29605.500000000004,History,Imported Sell,-1696.4999999999982,0.0,nan,0.0,0.0,0.0,,,,2025-09-02 16:00:00
202508-019,UBER,BUY,2025-08-25 09:30,320.0,97.17,31094.4,History,Imported Buy,0.0,0.0,nan,0.0,0.0,0.0,,,,2025-08-25 09:30:00
202508-019,UBER,SELL,2025-08-28 16:00,320.0,94.13,30121.6,History,Imported Sell,-972.800000000002,0.0,nan,0.0,0.0,0.0,,,,2025-08-28 16:00:00
202508-023,CCL,BUY,2025-08-26 09:30,990.0,31.27,30957.3,History,Imported Buy,0.0,0.0,nan,0.0,0.0,0.0,,,,2025-08-26 09:30:00
202508-023,CCL,SELL,2025-09-02 16:00,990.0,30.6,30294.0,History,Imported Sell,-663.2999999999981,0.0,nan,0.0,0.0,0.0,,,,2025-09-02 16:00:00
202508-024,TSLA,BUY,2025-08-26 09:30,89.0,348.32,31000.48,History,Imported Buy,0.0,0.0,nan,0.0,0.0,0.0,,,,2025-08-26 09:30:00
202508-024,TSLA,SELL,2025-08-29 16:00,89.0,341.15,30362.35,History,Imported Sell,-638.1300000000015,0.0,nan,0.0,0.0,0.0,,,,2025-08-29 16:00:00
202508-025,SHOP,BUY,2025-08-27 09:30,223.0,139.03,31003.69,History,Imported Buy,0.0,0.0,nan,0.0,0.0,0.0,,,,2025-08-27 09:30:00
202508-025,SHOP,SELL,2025-09-02 16:00,223.0,136.81,30508.63,History,Imported Sell,-495.0599999999997,0.0,nan,0.0,0.0,0.0,,,,2025-09-02 16:00:00
202508-026,AMD,BUY,2025-08-27 09:30,280.0,169.1,47348.0,History,Imported Buy,0.0,0.0,nan,0.0,0.0,0.0,,,,2025-08-27 09:30:00
202508-026,AMD,SELL,2025-09-02 16:00,280.0,160.65,44982.0,History,Imported Sell,-2365.999999999997,0.0,nan,0.0,0.0,0.0,,,,2025-09-02 16:00:00
202508-027,FIX,BUY,2025-08-29 09:30,44.0,727.16,31995.039999999997,History,Imported Buy,0.0,0.0,nan,0.0,0.0,0.0,,,,2025-08-29 09:30:00
202508-027,FIX,SELL,2025-08-29 16:00,44.0,707.83,31144.52,History,Imported Sell,-850.5199999999968,0.0,nan,0.0,0.0,0.0,,,,2025-08-29 16:00:00
202509-003,NVDA,BUY,2025-09-02 09:30,88.0,171.52,15093.76,History,Imported Buy,0.0,0.0,nan,0.0,0.0,0.0,,,,2025-09-02 09:30:00
202509-003,NVDA,SELL,2025-09-02 16:00,88.0,169.14,14884.32,History,Imported Sell,-209.4400000000021,0.0,nan,0.0,0.0,0.0,,,,2025-09-02 16:00:00
202509-002,MGNI,BUY,2025-09-02 09:30,1670.0,25.5,42585.0,History,Imported Buy,0.0,0.0,nan,0.0,0.0,0.0,,,,2025-09-02 09:30:00
202509-002,MGNI,SELL,2025-09-09 16:00,1670.0,24.64,41148.8,History,Imported Sell,-1436.1999999999991,0.0,nan,0.0,0.0,0.0,,,,2025-09-09 16:00:00
202509-004,RKLB,BUY,2025-09-02 09:30,650.0,49.51,32181.5,History,Imported Buy,0.0,0.0,nan,0.0,0.0,0.0,,,,2025-09-02 09:30:00
202509-004,RKLB,SELL,2025-09-04 16:00,650.0,43.46,28249.0,History,Imported Sell,-3932.499999999998,0.0,nan,0.0,0.0,0.0,,,,2025-09-04 16:00:00
202509-001,DHI,BUY,2025-09-02 09:30,176.0,170.71,30044.960000000003,History,Imported Buy,0.0,0.0,nan,0.0,0.0,0.0,,,,2025-09-02 09:30:00
202509-001,DHI,SELL,2025-09-10 16:00,176.0,174.94,30789.44,History,Imported Sell,744.4799999999982,0.0,nan,0.0,0.0,0.0,,,,2025-09-10 16:00:00
202509-005,DASH,BUY,2025-09-03 09:30,120.0,251.36,30163.2,History,Imported Buy,0.0,0.0,nan,0.0,0.0,0.0,,,,2025-09-03 09:30:00
202509-005,DASH,SELL,2025-09-04 16:00,120.0,247.16,29659.2,History,Imported Sell,-504.0000000000021,0.0,nan,0.0,0.0,0.0,,,,2025-09-04 16:00:00
202509-006,ALAB,BUY,2025-09-03 09:30,453.0,200.13,90658.89,History,Imported Buy,0.0,0.0,nan,0.0,0.0,0.0,,,,2025-09-03 09:30:00
202509-006,ALAB,SELL,2025-10-13 16:00,453.0,203.74,92294.22,History,Imported Sell,1635.3300000000063,0.0,nan,0.0,0.0,0.0,,,,2025-10-13 16:00:00
202509-007,ANET,BUY,2025-09-03 09:30,220.0,137.89,30335.799999999996,History,Imported Buy,0.0,0.0,nan,0.0,0.0,0.0,,,,2025-09-03 09:30:00
202509-007,ANET,SELL,2025-09-08 16:00,220.0,140.12,30826.4,History,Imported Sell,490.600000000004,0.0,nan,0.0,0.0,0.0,,,,2025-09-08 16:00:00
202509-011,XHB,BUY,2025-09-04 09:30,122.0,115.02,14032.44,History,Imported Buy,0.0,0.0,nan,0.0,0.0,0.0,,,,2025-09-04 09:30:00
202509-011,XHB,SELL,2025-09-08 16:00,122.0,118.52,14459.44,History,Imported Sell,427.0,0.0,nan,0.0,0.0,0.0,,,,2025-09-08 16:00:00
202509-008,RBLX,BUY,2025-09-04 09:30,344.0,130.53,44902.32,History,Imported Buy,0.0,0.0,nan,0.0,0.0,0.0,,,,2025-09-04 09:30:00
202509-008,RBLX,SELL,2025-09-25 16:00,344.0,130.14,44768.16,History,Imported Sell,-134.16000000000508,0.0,nan,0.0,0.0,0.0,,,,2025-09-25 16:00:00
202509-009,HOOD,BUY,2025-09-04 09:30,198.0,145.99,28906.02,History,Imported Buy,0.0,0.0,nan,0.0,0.0,0.0,,,,2025-09-04 09:30:00
202509-009,HOOD,SELL,2025-09-09 16:00,198.0,144.19,28549.62,History,Imported Sell,-356.40000000000225,0.0,nan,0.0,0.0,0.0,,,,2025-09-09 16:00:00
202509-012,SHOP,BUY,2025-09-05 09:30,300.0,93.79,28137.000000000004,History,Imported Buy,0.0,0.0,nan,0.0,0.0,0.0,,,,2025-09-05 09:30:00
202509-012,SHOP,SELL,2025-09-09 16:00,300.0,93.67,28101.0,History,Imported Sell,-36.000000000001364,0.0,nan,0.0,0.0,0.0,,,,2025-09-09 16:00:00
202509-013,UPRO,BUY,2025-09-05 09:30,280.0,104.0,29120.0,History,Imported Buy,0.0,0.0,nan,0.0,0.0,0.0,,,,2025-09-05 09:30:00
202509-013,UPRO,SELL,2025-09-09 16:00,280.0,103.66,29024.8,History,Imported Sell,-95.20000000000095,0.0,nan,0.0,0.0,0.0,,,,2025-09-09 16:00:00
202509-014,TNA,BUY,2025-09-05 09:30,346.0,42.57,14729.22,History,Imported Buy,0.0,0.0,nan,0.0,0.0,0.0,,,,2025-09-05 09:30:00
202509-014,TNA,SELL,2025-09-09 16:00,346.0,42.53,14715.38,History,Imported Sell,-13.839999999999703,0.0,nan,0.0,0.0,0.0,,,,2025-09-09 16:00:00
202509-015,CDNS,BUY,2025-09-08 09:30,162.0,360.1,58336.2,History,Imported Buy,0.0,0.0,nan,0.0,0.0,0.0,,,,2025-09-08 09:30:00
202509-015,CDNS,SELL,2025-09-10 16:00,162.0,349.0,56538.0,History,Imported Sell,-1798.2000000000037,0.0,nan,0.0,0.0,0.0,,,,2025-09-10 16:00:00
202509-010,PLTR,BUY,2025-09-04 09:30,762.0,166.24,126674.88,History,Imported Buy,0.0,0.0,nan,0.0,0.0,0.0,,,,2025-09-04 09:30:00
202509-010,PLTR,SELL,2025-10-20 16:00,762.0,171.36,130576.32,History,Imported Sell,3901.4400000000032,0.0,nan,0.0,0.0,0.0,,,,2025-10-20 16:00:00
202509-016,DASH,BUY,2025-09-09 09:30,200.0,260.88,52176.0,History,Imported Buy,0.0,0.0,nan,0.0,0.0,0.0,,,,2025-09-09 09:30:00
202509-016,DASH,SELL,2025-10-16 16:00,200.0,265.48,53096.0,History,Imported Sell,920.0000000000044,0.0,nan,0.0,0.0,0.0,,,,2025-10-16 16:00:00
202509-017,RDDT,BUY,2025-09-10 09:30,186.0,258.09,48004.74,History,Imported Buy,0.0,0.0,nan,0.0,0.0,0.0,,,,2025-09-10 09:30:00
202509-017,RDDT,SELL,2025-09-19 16:00,186.0,259.7,48304.2,History,Imported Sell,299.46000000000254,0.0,nan,0.0,0.0,0.0,,,,2025-09-19 16:00:00
202509-018,TQQQ,BUY,2025-09-10 09:30,160.0,93.85,15016.0,History,Imported Buy,0.0,0.0,nan,0.0,0.0,0.0,,,,2025-09-10 09:30:00
202509-018,TQQQ,SELL,2025-09-24 16:00,160.0,100.72,16115.2,History,Imported Sell,1099.2000000000007,0.0,nan,0.0,0.0,0.0,,,,2025-09-24 16:00:00
202509-019,CRWV,BUY,2025-09-11 09:30,869.0,127.85,111101.65,History,Imported Buy,0.0,0.0,nan,0.0,0.0,0.0,,,,2025-09-11 09:30:00
202509-019,CRWV,SELL,2025-10-21 16:00,869.0,126.8,110189.2,History,Imported Sell,-912.4499999999975,0.0,nan,0.0,0.0,0.0,,,,2025-10-21 16:00:00
202509-020,LEU,BUY,2025-09-11 09:30,158.0,247.62,39123.96,History,Imported Buy,0.0,0.0,nan,0.0,0.0,0.0,,,,2025-09-11 09:30:00
202509-020,LEU,SELL,2025-10-17 16:00,158.0,333.16,52639.280000000006,History,Imported Sell,13515.320000000003,0.0,nan,0.0,0.0,0.0,,,,2025-10-17 16:00:00
202509-021,TSLA,BUY,2025-09-12 09:30,160.0,402.56,64409.6,History,Imported Buy,0.0,0.0,nan,0.0,0.0,0.0,,,,2025-09-12 09:30:00
202509-021,TSLA,SELL,2025-10-22 16:00,160.0,431.95,69112.0,History,Imported Sell,4702.399999999998,0.0,nan,0.0,0.0,0.0,,,,2025-10-22 16:00:00
202509-022,MP,BUY,2025-09-12 09:30,476.0,63.19,30078.44,History,Imported Buy,0.0,0.0,nan,0.0,0.0,0.0,,,,2025-09-12 09:30:00
202509-022,MP,SELL,2025-09-29 16:00,476.0,66.81,31801.56,History,Imported Sell,1723.1200000000022,0.0,nan,0.0,0.0,0.0,,,,2025-09-29 16:00:00
202509-023,GEV,BUY,2025-09-12 09:30,47.0,637.22,29949.34,History,Imported Buy,0.0,0.0,nan,0.0,0.0,0.0,,,,2025-09-12 09:30:00
202509-023,GEV,SELL,2025-09-19 16:00,47.0,607.33,28544.51,History,Imported Sell,-1404.8299999999997,0.0,nan,0.0,0.0,0.0,,,,2025-09-19 16:00:00
202509-024,NAIL,BUY,2025-09-12 09:30,165.0,91.29,15062.85,History,Imported Buy,0.0,0.0,nan,0.0,0.0,0.0,,,,2025-09-12 09:30:00
202509-024,NAIL,SELL,2025-09-12 16:00,165.0,88.84,14658.6,History,Imported Sell,-404.25000000000045,0.0,nan,0.0,0.0,0.0,,,,2025-09-12 16:00:00
202509-025,NVDA,BUY,2025-09-12 09:30,169.0,177.8,30048.2,History,Imported Buy,0.0,0.0,nan,0.0,0.0,0.0,,,,2025-09-12 09:30:00
202509-025,NVDA,SELL,2025-09-17 16:00,169.0,171.15,28924.35,History,Imported Sell,-1123.850000000001,0.0,nan,0.0,0.0,0.0,,,,2025-09-17 16:00:00
202509-026,ETHA,BUY,2025-09-12 09:30,856.0,34.85,29831.6,History,Imported Buy,0.0,0.0,nan,0.0,0.0,0.0,,,,2025-09-12 09:30:00
202509-026,ETHA,SELL,2025-09-17 16:00,856.0,33.87,28992.72,History,Imported Sell,-838.8800000000034,0.0,nan,0.0,0.0,0.0,,,,2025-09-17 16:00:00
202509-027,ORCL,BUY,2025-09-15 09:30,153.0,308.16,47148.48,History,Imported Buy,0.0,0.0,nan,0.0,0.0,0.0,,,,2025-09-15 09:30:00
202509-027,ORCL,SELL,2025-09-18 16:00,153.0,295.39,45194.67,History,Imported Sell,-1953.810000000006,0.0,nan,0.0,0.0,0.0,,,,2025-09-18 16:00:00
202509-028,OKLO,BUY,2025-09-15 09:30,370.0,85.86,31768.2,History,Imported Buy,0.0,0.0,nan,0.0,0.0,0.0,,,,2025-09-15 09:30:00
202509-028,OKLO,SELL,2025-09-30 16:00,370.0,117.33,43412.1,History,Imported Sell,11643.9,0.0,nan,0.0,0.0,0.0,,,,2025-09-30 16:00:00
202509-029,DAVE,BUY,2025-09-15 09:30,135.0,230.0,31050.0,History,Imported Buy,0.0,0.0,nan,0.0,0.0,0.0,,,,2025-09-15 09:30:00
202509-029,DAVE,SELL,2025-09-25 16:00,135.0,220.0,29700.0,History,Imported Sell,-1350.0,0.0,nan,0.0,0.0,0.0,,,,2025-09-25 16:00:00
202509-030,VST,BUY,2025-09-15 09:30,150.0,209.7,31455.0,History,Imported Buy,0.0,0.0,nan,0.0,0.0,0.0,,,,2025-09-15 09:30:00
202509-030,VST,SELL,2025-09-19 16:00,150.0,210.68,31602.0,History,Imported Sell,147.00000000000273,0.0,nan,0.0,0.0,0.0,,,,2025-09-19 16:00:00
202509-031,NBIS,BUY,2025-09-18 09:30,514.0,95.1,48881.399999999994,History,Imported Buy,0.0,0.0,nan,0.0,0.0,0.0,,,,2025-09-18 09:30:00
202509-031,NBIS,SELL,2025-09-19 16:00,514.0,94.26,48449.64,History,Imported Sell,-431.7599999999944,0.0,nan,0.0,0.0,0.0,,,,2025-09-19 16:00:00
202507-018,SOFI,BUY,2025-07-22 09:30,2382.0,24.81,59097.42,History,Imported Buy,0.0,0.0,nan,0.0,0.0,0.0,,,,2025-07-22 09:30:00
202507-018,SOFI,SELL,2025-10-03 16:00,2382.0,25.33,60336.06,History,Imported Sell,1238.639999999999,0.0,nan,0.0,0.0,0.0,,,,2025-10-03 16:00:00
202508-003,NBIS,BUY,2025-08-01 09:30,430.0,100.77,43331.1,History,Imported Buy,0.0,0.0,nan,0.0,0.0,0.0,,,,2025-08-01 09:30:00
202508-003,NBIS,SELL,2025-10-16 16:00,430.0,125.9,54137.0,History,Imported Sell,10805.900000000003,0.0,nan,0.0,0.0,0.0,,,,2025-10-16 16:00:00
202509-036,BMNR,BUY,2025-09-22 09:30,908.0,55.97,50820.76,History,Imported Buy,0.0,0.0,nan,0.0,0.0,0.0,,,,2025-09-22 09:30:00
202509-036,BMNR,SELL,2025-10-16 16:00,908.0,52.61,47769.88,History,Imported Sell,-3050.8799999999997,0.0,nan,0.0,0.0,0.0,,,,2025-10-16 16:00:00
202509-032,AVGO,BUY,2025-09-22 09:30,100.0,37.45,3745.000000000001,History,Imported Buy,0.0,0.0,nan,0.0,0.0,0.0,,,,2025-09-22 09:30:00
202509-032,AVGO,SELL,2025-09-29 16:00,100.0,28.65,2865.0,History,Imported Sell,-880.0000000000005,0.0,nan,0.0,0.0,0.0,,,,2025-09-29 16:00:00
202509-033,FIG,BUY,2025-09-22 09:30,606.0,59.03,35772.18,History,Imported Buy,0.0,0.0,nan,0.0,0.0,0.0,,,,2025-09-22 09:30:00
202509-033,FIG,SELL,2025-09-23 16:00,606.0,56.45,34208.700000000004,History,Imported Sell,-1563.4799999999989,0.0,nan,0.0,0.0,0.0,,,,2025-09-23 16:00:00
202509-034,ORCL,BUY,2025-09-22 09:30,57.0,318.5,18154.5,History,Imported Buy,0.0,0.0,nan,0.0,0.0,0.0,,,,2025-09-22 09:30:00
202509-034,ORCL,SELL,2025-09-25 16:00,57.0,291.17,16596.690000000002,History,Imported Sell,-1557.809999999999,0.0,nan,0.0,0.0,0.0,,,,2025-09-25 16:00:00
202509-037,CRDO,BUY,2025-09-24 09:30,160.0,151.97,24315.2,History,Imported Buy,0.0,0.0,nan,0.0,0.0,0.0,,,,2025-09-24 09:30:00
202509-037,CRDO,SELL,2025-09-24 16:00,160.0,147.6,23616.0,History,Imported Sell,-699.2000000000007,0.0,nan,0.0,0.0,0.0,,,,2025-09-24 16:00:00
202509-038,CRDO,BUY,2025-09-24 09:30,250.0,149.9,37475.0,History,Imported Buy,0.0,0.0,nan,0.0,0.0,0.0,,,,2025-09-24 09:30:00
202509-038,CRDO,SELL,2025-09-25 16:00,250.0,142.24,35560.0,History,Imported Sell,-1914.999999999999,0.0,nan,0.0,0.0,0.0,,,,2025-09-25 16:00:00
202509-039,GRAB,BUY,2025-09-25 09:30,2250.0,6.22,13995.0,History,Imported Buy,0.0,0.0,nan,0.0,0.0,0.0,,,,2025-09-25 09:30:00
202509-039,GRAB,SELL,2025-09-29 16:00,2250.0,6.06,13635.0,History,Imported Sell,-360.00000000000034,0.0,nan,0.0,0.0,0.0,,,,2025-09-29 16:00:00
202509-040,TQQQ,BUY,2025-09-26 09:30,360.0,100.61,36219.6,History,Imported Buy,0.0,0.0,nan,0.0,0.0,0.0,,,,2025-09-26 09:30:00
202509-040,TQQQ,SELL,2025-09-30 16:00,360.0,102.47,36889.2,History,Imported Sell,669.5999999999998,0.0,nan,0.0,0.0,0.0,,,,2025-09-30 16:00:00
202509-041,UPRO,BUY,2025-09-26 09:30,165.0,109.13,18006.45,History,Imported Buy,0.0,0.0,nan,0.0,0.0,0.0,,,,2025-09-26 09:30:00
202509-041,UPRO,SELL,2025-09-29 16:00,165.0,110.4,18216.0,History,Imported Sell,209.5500000000017,0.0,nan,0.0,0.0,0.0,,,,2025-09-29 16:00:00
202509-035,CRCL,BUY,2025-09-22 09:30,433.0,138.04,59771.32,History,Imported Buy,0.0,0.0,nan,0.0,0.0,0.0,,,,2025-09-22 09:30:00
202509-035,CRCL,SELL,2025-09-30 16:00,433.0,135.61,58719.130000000005,History,Imported Sell,-1052.1899999999907,0.0,nan,0.0,0.0,0.0,,,,2025-09-30 16:00:00
202509-042,BWXT,BUY,2025-09-26 09:30,190.0,180.01,34201.9,History,Imported Buy,0.0,0.0,nan,0.0,0.0,0.0,,,,2025-09-26 09:30:00
202509-042,BWXT,SELL,2025-09-29 16:00,190.0,182.7,34713.0,History,Imported Sell,511.0999999999996,0.0,nan,0.0,0.0,0.0,,,,2025-09-29 16:00:00
202509-043,RBLX,BUY,2025-09-30 09:30,180.0,139.2,25055.999999999996,History,Imported Buy,0.0,0.0,nan,0.0,0.0,0.0,,,,2025-09-30 09:30:00
202509-043,RBLX,SELL,2025-09-30 16:00,180.0,135.68,24422.4,History,Imported Sell,-633.5999999999967,0.0,nan,0.0,0.0,0.0,,,,2025-09-30 16:00:00
202509-044,NVDA,BUY,2025-09-30 09:30,302.0,186.03,56181.06,History,Imported Buy,0.0,0.0,nan,0.0,0.0,0.0,,,,2025-09-30 09:30:00
202509-044,NVDA,SELL,2025-10-14 16:00,302.0,182.02,54970.04,History,Imported Sell,-1211.0199999999973,0.0,nan,0.0,0.0,0.0,,,,2025-10-14 16:00:00
202509-045,RBLX,BUY,2025-09-30 09:30,402.0,136.8,54993.600000000006,History,Imported Buy,0.0,0.0,nan,0.0,0.0,0.0,,,,2025-09-30 09:30:00
202509-045,RBLX,SELL,2025-10-03 16:00,402.0,125.7,50531.4,History,Imported Sell,-4462.2000000000035,0.0,nan,0.0,0.0,0.0,,,,2025-10-03 16:00:00
202510-001,APP,BUY,2025-10-06 09:30,87.0,611.95,53239.65,History,Imported Buy,0.0,0.0,nan,0.0,0.0,0.0,,,,2025-10-06 09:30:00
202510-001,APP,SELL,2025-10-10 16:00,87.0,590.86,51404.82,History,Imported Sell,-1834.8300000000029,0.0,nan,0.0,0.0,0.0,,,,2025-10-10 16:00:00
202510-003,FIG,BUY,2025-10-07 09:30,311.0,60.99,18967.89,History,Imported Buy,0.0,0.0,nan,0.0,0.0,0.0,,,,2025-10-07 09:30:00
202510-003,FIG,SELL,2025-10-17 16:00,311.0,59.55,18520.05,History,Imported Sell,-447.8400000000015,0.0,nan,0.0,0.0,0.0,,,,2025-10-17 16:00:00
202510-002,FIG,BUY,2025-10-07 09:30,873.0,62.85,54868.05,History,Imported Buy,0.0,0.0,nan,0.0,0.0,0.0,,,,2025-10-07 09:30:00
202510-002,FIG,SELL,2025-10-16 16:00,873.0,58.89,51410.97,History,Imported Sell,-3457.080000000001,0.0,nan,0.0,0.0,0.0,,,,2025-10-16 16:00:00
202510-004,CRCL,BUY,2025-10-08 09:30,180.0,151.51,27271.8,History,Imported Buy,0.0,0.0,nan,0.0,0.0,0.0,,,,2025-10-08 09:30:00
202510-004,CRCL,SELL,2025-10-10 16:00,180.0,142.4,25632.0,History,Imported Sell,-1639.7999999999977,0.0,nan,0.0,0.0,0.0,,,,2025-10-10 16:00:00
202510-005,FIGR,BUY,2025-10-08 09:30,605.0,46.43,28090.15,History,Imported Buy,0.0,0.0,nan,0.0,0.0,0.0,,,,2025-10-08 09:30:00
202510-005,FIGR,SELL,2025-10-10 16:00,605.0,43.91,26565.55,History,Imported Sell,-1524.600000000002,0.0,nan,0.0,0.0,0.0,,,,2025-10-10 16:00:00
202510-006,KLAR,BUY,2025-10-09 09:30,440.0,44.22,19456.8,History,Imported Buy,0.0,0.0,nan,0.0,0.0,0.0,,,,2025-10-09 09:30:00
202510-006,KLAR,SELL,2025-10-09 16:00,440.0,42.53,18713.2,History,Imported Sell,-743.599999999999,0.0,nan,0.0,0.0,0.0,,,,2025-10-09 16:00:00
202510-007,GEV,BUY,2025-10-13 09:30,84.0,643.41,54046.439999999995,History,Imported Buy,0.0,0.0,nan,0.0,0.0,0.0,,,,2025-10-13 09:30:00
202510-007,GEV,SELL,2025-10-16 16:00,84.0,612.3,51433.2,History,Imported Sell,-2613.240000000001,0.0,nan,0.0,0.0,0.0,,,,2025-10-16 16:00:00
202510-008,CRDO,BUY,2025-10-13 09:30,237.0,149.38,35403.06,History,Imported Buy,0.0,0.0,nan,0.0,0.0,0.0,,,,2025-10-13 09:30:00
202510-008,CRDO,SELL,2025-10-14 16:00,237.0,139.83,33139.71000000001,History,Imported Sell,-2263.349999999996,0.0,nan,0.0,0.0,0.0,,,,2025-10-14 16:00:00
202510-009,TQQQ,BUY,2025-10-13 09:30,550.0,103.29,56809.5,History,Imported Buy,0.0,0.0,nan,0.0,0.0,0.0,,,,2025-10-13 09:30:00
202510-009,TQQQ,SELL,2025-11-07 16:00,550.0,104.46,57453.0,History,Imported Sell,643.4999999999932,0.0,nan,0.0,0.0,0.0,,,,2025-11-07 16:00:00
202510-011,RBLX,BUY,2025-10-14 09:30,367.0,133.65,49049.55,History,Imported Buy,0.0,0.0,nan,0.0,0.0,0.0,,,,2025-10-14 09:30:00
202510-011,RBLX,SELL,2025-10-17 16:00,367.0,134.21,49255.07,History,Imported Sell,205.52000000000083,0.0,nan,0.0,0.0,0.0,,,,2025-10-17 16:00:00
202510-012,APP,BUY,2025-10-14 09:30,60.0,591.76,35505.6,History,Imported Buy,0.0,0.0,nan,0.0,0.0,0.0,,,,2025-10-14 09:30:00
202510-012,APP,SELL,2025-10-20 16:00,60.0,559.3,33558.0,History,Imported Sell,-1947.6000000000024,0.0,nan,0.0,0.0,0.0,,,,2025-10-20 16:00:00
202510-013,RKLB,BUY,2025-10-14 09:30,260.0,65.72,17087.2,History,Imported Buy,0.0,0.0,nan,0.0,0.0,0.0,,,,2025-10-14 09:30:00
202510-013,RKLB,SELL,2025-10-16 16:00,260.0,67.47,17542.2,History,Imported Sell,455.0,0.0,nan,0.0,0.0,0.0,,,,2025-10-16 16:00:00
202510-014,GRAB,BUY,2025-10-14 09:30,6000.0,6.01,36060.0,History,Imported Buy,0.0,0.0,nan,0.0,0.0,0.0,,,,2025-10-14 09:30:00
202510-014,GRAB,SELL,2025-10-15 16:00,6000.0,5.91,35460.0,History,Imported Sell,-599.9999999999978,0.0,nan,0.0,0.0,0.0,,,,2025-10-15 16:00:00
202510-010,CRCL,BUY,2025-10-13 09:30,250.0,140.04,35010.0,History,Imported Buy,0.0,0.0,nan,0.0,0.0,0.0,,,,2025-10-13 09:30:00
202510-010,CRCL,SELL,2025-10-14 16:00,250.0,132.21,33052.5,History,Imported Sell,-1957.499999999996,0.0,nan,0.0,0.0,0.0,,,,2025-10-14 16:00:00
202510-015,PLTR,BUY,2025-10-20 09:30,275.0,173.89,47819.74999999999,History,Imported Buy,0.0,0.0,nan,0.0,0.0,0.0,,,,2025-10-20 09:30:00
202510-015,PLTR,SELL,2025-10-22 16:00,275.0,176.56,48554.0,History,Imported Sell,734.2500000000043,0.0,nan,0.0,0.0,0.0,,,,2025-10-22 16:00:00
202510-016,CRDO,BUY,2025-10-20 09:30,219.0,150.68,32998.92,History,Imported Buy,0.0,0.0,nan,0.0,0.0,0.0,,,,2025-10-20 09:30:00
202510-016,CRDO,SELL,2025-10-21 16:00,219.0,145.06,31768.14,History,Imported Sell,-1230.780000000001,0.0,nan,0.0,0.0,0.0,,,,2025-10-21 16:00:00
202510-017,UPRO,BUY,2025-10-21 09:30,290.0,113.73,32981.700000000004,History,Imported Buy,0.0,0.0,nan,0.0,0.0,0.0,,,,2025-10-21 09:30:00
202510-017,UPRO,SELL,2025-10-22 16:00,290.0,111.86,32439.4,History,Imported Sell,-542.3000000000013,0.0,nan,0.0,0.0,0.0,,,,2025-10-22 16:00:00
202510-021,LEU,BUY,2025-10-24 09:30,45.0,364.33,16394.85,br4.1 PB 21e,Imported Buy,0.0,0.0,nan,0.0,0.0,0.0,,,,2025-10-24 09:30:00
202510-021,LEU,SELL,2025-10-27 16:00,45.0,351.0,15795.0,sr1.1 capital protection - hard stop,Imported Sell,-599.8499999999992,0.0,nan,0.0,0.0,0.0,,,,2025-10-27 16:00:00
202510-020,AMD,BUY,2025-10-24 09:30,192.0,251.33,48255.36,History,Imported Buy,0.0,0.0,nan,0.0,0.0,0.0,,,,2025-10-24 09:30:00
202510-020,AMD,SELL,2025-11-06 16:00,192.0,242.77,46611.84,History,Imported Sell,-1643.5200000000004,0.0,nan,0.0,0.0,0.0,,,,2025-11-06 16:00:00
202510-022,PLTR,BUY,2025-10-24 09:30,346.0,193.4,66916.40000000001,History,Imported Buy,0.0,0.0,nan,0.0,0.0,0.0,,,,2025-10-24 09:30:00
202510-022,PLTR,SELL,2025-11-05 16:00,346.0,195.05,67487.3,History,Imported Sell,570.9000000000019,0.0,nan,0.0,0.0,0.0,,,,2025-11-05 16:00:00
202510-018,APP,BUY,2025-10-24 09:30,52.0,627.05,32606.6,br4.3 PB 10w,Imported Buy,0.0,0.0,nan,0.0,0.0,0.0,,,,2025-10-24 09:30:00
202510-018,APP,SELL,2025-11-05 16:00,52.0,612.68,31859.359999999997,sr1.1 capital protection - hard stop,Imported Sell,-747.2400000000002,0.0,nan,0.0,0.0,0.0,,,,2025-11-05 16:00:00
202510-019,AVAV,BUY,2025-10-24 09:30,66.0,379.93,25075.38,br4.1 PB 21e,Imported Buy,0.0,0.0,nan,0.0,0.0,0.0,,,,2025-10-24 09:30:00
202510-019,AVAV,SELL,2025-11-03 16:00,66.0,367.14,24231.24,sr1.1 capital protection - hard stop,Imported Sell,-844.1400000000014,0.0,nan,0.0,0.0,0.0,,,,2025-11-03 16:00:00
202510-024,AVGO,BUY,2025-10-27 09:30,156.0,364.02,56787.119999999995,History,Imported Buy,0.0,0.0,nan,0.0,0.0,0.0,,,,2025-10-27 09:30:00
202510-024,AVGO,SELL,2025-11-06 16:00,156.0,361.03,56320.67999999999,History,Imported Sell,-466.4400000000014,0.0,nan,0.0,0.0,0.0,,,,2025-11-06 16:00:00
202510-023,LIF,BUY,2025-10-27 09:30,486.0,98.85,48041.1,History,Imported Buy,0.0,0.0,nan,0.0,0.0,0.0,,,,2025-10-27 09:30:00
202510-023,LIF,SELL,2025-10-30 16:00,486.0,96.99,47137.14,History,Imported Sell,-903.9599999999996,0.0,nan,0.0,0.0,0.0,,,,2025-10-30 16:00:00
202510-025,NVDA,BUY,2025-10-28 09:30,180.0,195.95,35271.0,History,Imported Buy,0.0,0.0,nan,0.0,0.0,0.0,,,,2025-10-28 09:30:00
202510-025,NVDA,SELL,2025-11-06 16:00,180.0,192.28,34610.4,History,Imported Sell,-660.5999999999977,0.0,nan,0.0,0.0,0.0,,,,2025-11-06 16:00:00
202510-026,SHOP,BUY,2025-10-28 09:30,276.0,178.2,49183.2,History,Imported Buy,0.0,0.0,nan,0.0,0.0,0.0,,,,2025-10-28 09:30:00
202510-026,SHOP,SELL,2025-11-04 16:00,276.0,173.71,47943.96,History,Imported Sell,-1239.2399999999948,0.0,nan,0.0,0.0,0.0,,,,2025-11-04 16:00:00
202510-027,MSFT,BUY,2025-10-28 09:30,35.0,549.5,19232.5,History,Imported Buy,0.0,0.0,nan,0.0,0.0,0.0,,,,2025-10-28 09:30:00
202510-027,MSFT,SELL,2025-10-31 16:00,35.0,518.77,18156.95,History,Imported Sell,-1075.5500000000006,0.0,nan,0.0,0.0,0.0,,,,2025-10-31 16:00:00
202510-028,NET,BUY,2025-10-31 09:30,211.0,240.31,50705.41,History,Imported Buy,0.0,0.0,nan,0.0,0.0,0.0,,,,2025-10-31 09:30:00
202510-028,NET,SELL,2025-11-06 16:00,211.0,231.5,48846.5,History,Imported Sell,-1858.9100000000003,0.0,nan,0.0,0.0,0.0,,,,2025-11-06 16:00:00
202510-029,BE,BUY,2025-10-31 09:30,169.0,132.81,22444.89,History,Imported Buy,0.0,0.0,nan,0.0,0.0,0.0,,,,2025-10-31 09:30:00
202510-029,BE,SELL,2025-11-07 16:00,169.0,129.79,21934.51,History,Imported Sell,-510.3800000000017,0.0,nan,0.0,0.0,0.0,,,,2025-11-07 16:00:00
202510-030,WDC,BUY,2025-10-31 09:30,110.0,150.01,16501.1,History,Imported Buy,0.0,0.0,nan,0.0,0.0,0.0,,,,2025-10-31 09:30:00
202510-030,WDC,SELL,2025-11-07 16:00,110.0,158.19,17400.9,History,Imported Sell,899.8000000000008,0.0,nan,0.0,0.0,0.0,,,,2025-11-07 16:00:00
202510-031,NBIS,BUY,2025-10-31 09:30,63.0,129.75,8174.25,History,Imported Buy,0.0,0.0,nan,0.0,0.0,0.0,,,,2025-10-31 09:30:00
202510-031,NBIS,SELL,2025-11-04 16:00,63.0,113.62,7158.06,History,Imported Sell,-1016.1899999999996,0.0,nan,0.0,0.0,0.0,,,,2025-11-04 16:00:00
202510-032,CRWV,BUY,2025-10-31 09:30,58.0,138.28,8020.24,History,Imported Buy,0.0,0.0,nan,0.0,0.0,0.0,,,,2025-10-31 09:30:00
202510-032,CRWV,SELL,2025-11-04 16:00,58.0,119.51,6931.58,History,Imported Sell,-1088.66,0.0,nan,0.0,0.0,0.0,,,,2025-11-04 16:00:00
202510-033,SOFI,BUY,2025-10-31 09:30,529.0,29.78,15753.62,History,Imported Buy,0.0,0.0,nan,0.0,0.0,0.0,,,,2025-10-31 09:30:00
202510-033,SOFI,SELL,2025-11-06 16:00,529.0,29.48,15594.92,History,Imported Sell,-158.7000000000004,0.0,nan,0.0,0.0,0.0,,,,2025-11-06 16:00:00
202511-001,TSLA,BUY,2025-11-03 09:30,67.0,467.25,31305.75,History,Imported Buy,0.0,0.0,nan,0.0,0.0,0.0,,,,2025-11-03 09:30:00
202511-001,TSLA,SELL,2025-11-06 16:00,67.0,451.75,30267.25,History,Imported Sell,-1038.5,0.0,nan,0.0,0.0,0.0,,,,2025-11-06 16:00:00
202511-002,SSO,BUY,2025-11-05 09:30,300.0,114.7,34410.0,History,Imported Buy,0.0,0.0,nan,0.0,0.0,0.0,,,,2025-11-05 09:30:00
202511-002,SSO,SELL,2025-11-07 16:00,300.0,111.51,33453.0,History,Imported Sell,-956.9999999999992,0.0,nan,0.0,0.0,0.0,,,,2025-11-07 16:00:00
202511-003,CRS,BUY,2025-11-05 09:30,51.0,316.54,16143.54,ns No Setup,Imported Buy,0.0,0.0,nan,0.0,0.0,0.0,,,,2025-11-05 09:30:00
202511-003,CRS,SELL,2025-11-06 16:00,51.0,315.96,16113.96,History,Imported Sell,-29.580000000002087,0.0,nan,0.0,0.0,0.0,,,,2025-11-06 16:00:00
202511-009,CRWD,BUY,2025-11-07 09:30,33.0,541.25,17861.25,br1.2 Cup w Handle,Imported Buy,0.0,0.0,nan,0.0,0.0,0.0,,,,2025-11-07 09:30:00
202511-009,CRWD,SELL,2025-11-12 16:00,33.0,548.72,18107.76,sr9 Breakout Failure,Imported Sell,246.5100000000009,0.0,nan,0.0,0.0,0.0,,,,2025-11-12 16:00:00
202511-008,UPRO,BUY,2025-11-07 09:30,395.0,114.9,45385.5,br4.2 PB 50s,SPY PB to 50 sma. ,0.0,0.0,nan,0.0,0.0,0.0,,,,2025-11-07 09:30:00
202511-008,UPRO,SELL,2025-11-14 16:00,395.0,109.75,43351.25,sr1.1 capital protection - hard stop,Imported Sell,-2034.2500000000025,0.0,nan,0.0,0.0,0.0,,,,2025-11-14 16:00:00
202511-007,AMKR,BUY,2025-11-07 09:30,848.0,35.13,29790.24,br1.1 Consolidation,Imported Buy,0.0,0.0,nan,0.0,0.0,0.0,,,,2025-11-07 09:30:00
202511-007,AMKR,SELL,2025-11-13 16:00,848.0,33.19,28145.12,sr1.1 capital protection - hard stop,Imported Sell,-1645.120000000004,0.0,nan,0.0,0.0,0.0,,,,2025-11-13 16:00:00
202511-010,HOOD,BUY,2025-11-07 09:30,230.0,134.68,30976.4,br3.2 Reclaim 50s,Imported Buy,0.0,0.0,nan,0.0,0.0,0.0,,,,2025-11-07 09:30:00
202511-010,HOOD,SELL,2025-11-13 16:00,230.0,127.73,29377.9,sr1.1 capital protection - hard stop,Imported Sell,-1598.500000000001,0.0,nan,0.0,0.0,0.0,,,,2025-11-13 16:00:00
202511-006,ITA,BUY,2025-11-07 09:30,72.0,209.4,15076.8,br4.2 PB 50s,Imported Buy,0.0,0.0,nan,0.0,0.0,0.0,,,,2025-11-07 09:30:00
202511-006,ITA,SELL,2025-11-10 16:00,72.0,211.11,15199.920000000002,sr1.1 capital protection - hard stop,Imported Sell,123.12000000000056,0.0,nan,0.0,0.0,0.0,,,,2025-11-10 16:00:00
202511-005,AMZN,BUY,2025-11-07 09:30,63.0,243.88,15364.44,br1.3 Cup w/o Handle,Imported Buy,0.0,0.0,nan,0.0,0.0,0.0,,,,2025-11-07 09:30:00
202511-005,AMZN,SELL,2025-11-12 16:00,63.0,248.62,15663.06,sr1.1 capital protection - hard stop,Imported Sell,298.6200000000006,0.0,nan,0.0,0.0,0.0,,,,2025-11-12 16:00:00
202511-004,NET,BUY,2025-11-07 09:30,130.0,233.32,30331.6,br1.6 Flat Base,Imported Buy,0.0,0.0,nan,0.0,0.0,0.0,,,,2025-11-07 09:30:00
202511-004,NET,SELL,2025-11-12 16:00,130.0,225.01,29251.3,sr1.1 capital protection - hard stop,Imported Sell,-1080.3000000000002,0.0,nan,0.0,0.0,0.0,,,,2025-11-12 16:00:00
202511-017,APP,BUY,2025-11-10 09:30,50.0,664.66,33233.0,br3.1 Reclaim 21e,Imported Buy,0.0,0.0,nan,0.0,0.0,0.0,,,,2025-11-10 09:30:00
202511-017,APP,SELL,2025-11-11 16:00,50.0,602.59,30129.5,sr1.1 capital protection - hard stop,Imported Sell,-3103.499999999997,0.0,nan,0.0,0.0,0.0,,,,2025-11-11 16:00:00
202511-016,TQQQ,BUY,2025-11-10 09:30,668.0,111.97,74795.96,br6.1 Gapper,Imported Buy,0.0,0.0,nan,0.0,0.0,0.0,,,,2025-11-10 09:30:00
202511-016,TQQQ,SELL,2025-11-13 16:00,668.0,104.91,70079.88,sr1.1 capital protection - hard stop,Imported Sell,-4716.080000000002,0.0,nan,0.0,0.0,0.0,,,,2025-11-13 16:00:00
202511-015,BE,BUY,2025-11-10 09:30,105.0,145.43,15270.15,br1.1 Consolidation,Imported Buy,0.0,0.0,nan,0.0,0.0,0.0,,,,2025-11-10 09:30:00
202511-015,BE,SELL,2025-11-10 16:00,105.0,141.97,14906.85,sr1.1 capital protection - hard stop,Imported Sell,-363.30000000000086,0.0,nan,0.0,0.0,0.0,,,,2025-11-10 16:00:00
202511-018,AMD,BUY,2025-11-10 09:30,127.0,250.2,31775.4,br4.1 PB 21e,Imported Buy,0.0,0.0,nan,0.0,0.0,0.0,,,,2025-11-10 09:30:00
202511-018,AMD,SELL,2025-11-14 16:00,127.0,236.1,29984.7,sr1.1 capital protection - hard stop,Imported Sell,-1790.6999999999994,0.0,nan,0.0,0.0,0.0,,,,2025-11-14 16:00:00
202511-013,PLTR,BUY,2025-11-10 09:30,160.0,192.3,30768.0,br1.2 Cup w Handle,Imported Buy,0.0,0.0,nan,0.0,0.0,0.0,,,,2025-11-10 09:30:00
202511-013,PLTR,SELL,2025-11-12 16:00,160.0,182.87,29259.2,sr9 Breakout Failure,Imported Sell,-1508.800000000001,0.0,nan,0.0,0.0,0.0,,,,2025-11-12 16:00:00
202511-014,TSLA,BUY,2025-11-10 09:30,70.0,447.99,31359.3,br3.1 Reclaim 21e,Imported Buy,0.0,0.0,nan,0.0,0.0,0.0,,,,2025-11-10 09:30:00
202511-014,TSLA,SELL,2025-11-12 16:00,70.0,431.62,30213.4,sr1.1 capital protection - hard stop,Imported Sell,-1145.9000000000003,0.0,nan,0.0,0.0,0.0,,,,2025-11-12 16:00:00
202511-012,UGL,BUY,2025-11-10 09:30,300.0,51.26,15378.0,br3.1 Reclaim 21e,Imported Buy,0.0,0.0,nan,0.0,0.0,0.0,,,,2025-11-10 09:30:00
202511-012,UGL,SELL,2025-11-14 16:00,300.0,49.65,14895.0,sr1.1 capital protection - hard stop,Imported Sell,-482.99999999999983,0.0,nan,0.0,0.0,0.0,,,,2025-11-14 16:00:00
202511-019,NBIS,BUY,2025-11-11 09:30,125.0,110.35,13793.75,br4.2 PB 50s,Imported Buy,0.0,0.0,nan,0.0,0.0,0.0,,,,2025-11-11 09:30:00
202511-019,NBIS,SELL,2025-11-11 16:00,125.0,100.84,12605.0,sr1.1 capital protection - hard stop,Imported Sell,-1188.7499999999989,0.0,nan,0.0,0.0,0.0,,,,2025-11-11 16:00:00
202511-020,NBIS,BUY,2025-11-19 09:30,95.0,96.0,9120.0,br1.4 Double Bottom,Imported Buy,0.0,0.0,nan,0.0,0.0,0.0,,,,2025-11-19 09:30:00
202511-020,NBIS,SELL,2025-11-19 16:00,95.0,94.02,8931.9,sr1.1 capital protection - hard stop,Imported Sell,-188.10000000000036,0.0,nan,0.0,0.0,0.0,,,,2025-11-19 16:00:00
202504-012,TQQQ,BUY,2025-04-29 09:30,882.0,51.93,45802.26,br7.1 TQQQ Strategy,Imported Buy,0.0,0.0,B1,0.0,0.0,0.0,,,,2025-04-29 09:30:00
202504-012,TQQQ,SELL,2025-11-07 16:00,882.0,96.85,85421.7,sr8 TQQQ Strategy Exit,Imported Sell,39619.439999999995,0.0,S1,0.0,0.0,0.0,,,,2025-11-07 16:00:00
202511-011,LLY,BUY,2025-11-10 08:41,16.0,964.23,15427.68,br1.2 Cup w Handle,Heavy rotation to healthcare space,0.0,1009.0,B1,0.0,0.0,0.0,,,,2025-11-10 08:41:00
202511-011,LLY,BUY,2025-11-10 08:53,16.0,972.89,15566.24,br1.2 Cup w Handle,Adding to working position,0.0,1009.0,B2,0.0,0.0,0.0,,,,2025-11-10 08:53:00
202511-011,LLY,BUY,2025-11-18 10:41,4.0,1033.38,4133.52,br1.2 Cup w Handle,Adding at logical spot,0.0,1009.0,A1,0.0,0.0,0.0,,,,2025-11-18 10:41:00
202511-021,GOOGL,BUY,2025-11-19 16:00,60.0,292.68,17560.8,br1.1 Consolidation,Import,0.0,0.0,B1-Auto,0.0,0.0,0.0,,,,2025-11-19 16:00:00
202511-026,AMD,BUY,2025-11-20 16:00,40.0,231.24,9249.6,ns No Setup,Import,0.0,0.0,B1-Auto,0.0,0.0,0.0,,,,2025-11-20 16:00:00
202511-027,HOOD,BUY,2025-11-20 16:00,76.0,121.93,9266.68,ns No Setup,Import,0.0,0.0,B1-Auto,0.0,0.0,0.0,,,,2025-11-20 16:00:00
202511-025,NBIS,BUY,2025-11-20 16:00,92.0,100.615,9256.58,br1.4 Double Bottom,Import,0.0,0.0,B1-Auto,0.0,0.0,0.0,,,,2025-11-20 16:00:00
202511-024,WDC,BUY,2025-11-20 16:00,58.0,159.77,9266.66,br4.1 PB 21e,Import,0.0,0.0,B1-Auto,0.0,0.0,0.0,,,,2025-11-20 16:00:00
202511-023,NVDA,BUY,2025-11-20 16:00,50.0,195.208,9760.4,br6.1 Gapper,Import,0.0,0.0,B1-Auto,0.0,0.0,0.0,,,,2025-11-20 16:00:00
202511-022,GEV,BUY,2025-11-20 16:00,8.0,622.38,4979.04,br3.2 Reclaim 50s,Import,0.0,0.0,B1-Auto,0.0,0.0,0.0,,,,2025-11-20 16:00:00
202511-022,GEV,BUY,2025-11-20 16:00,7.0,622.371,4356.597,IBKR,Import,0.0,0.0,B1-Auto,0.0,0.0,0.0,,,,2025-11-20 16:00:00
202511-024,WDC,SELL,2025-11-20 16:00,58.0,147.9,8578.2,sr1.1 capital protection - hard stop,Import,-688.4600000000003,0.0,S1-Auto,0.0,0.0,0.0,,,,2025-11-20 16:00:00
202511-027,HOOD,SELL,2025-11-20 16:00,76.0,113.008,8588.608,sr1.1 capital protection - hard stop,Import,-678.0720000000008,0.0,S1-Auto,0.0,0.0,0.0,,,,2025-11-20 16:00:00
202511-025,NBIS,SELL,2025-11-20 16:00,92.0,92.728,8530.975999999999,sr1.1 capital protection - hard stop,Import,-725.604,0.0,S1-Auto,0.0,0.0,0.0,,,,2025-11-20 16:00:00
202511-022,GEV,SELL,2025-11-20 16:00,15.0,588.295,8824.425,sr1.1 capital protection - hard stop,Import,-511.2120000000005,0.0,S1-Auto,0.0,0.0,0.0,,,,2025-11-20 16:00:00
202511-026,AMD,SELL,2025-11-20 16:00,40.0,211.71,8468.4,sr1.1 capital protection - hard stop,Import,-781.2,0.0,S1-Auto,0.0,0.0,0.0,,,,2025-11-20 16:00:00
202511-021,GOOGL,SELL,2025-11-20 16:00,12.0,290.88,3490.56,IBKR,Import,-21.600000000000136,0.0,S2-Auto,0.0,0.0,0.0,,,,2025-11-20 16:00:00
202511-021,GOOGL,SELL,2025-11-20 16:00,18.0,290.89,5236.0199999999995,sr3 Portfolio Management,Import,-32.22000000000037,0.0,S2-Auto,0.0,0.0,0.0,,,,2025-11-20 16:00:00
202511-021,GOOGL,SELL,2025-11-20 16:00,30.0,290.8815,8726.445,sr3 Portfolio Management,Import,-53.9549999999997,0.0,S2-Auto,0.0,0.0,0.0,,,,2025-11-20 16:00:00
202511-023,NVDA,SELL,2025-11-20 16:00,50.0,181.78,9089.0,sr1.1 capital protection - hard stop,Import,-671.3999999999999,0.0,S1-Auto,0.0,0.0,0.0,,,,2025-11-20 16:00:00
202511-028,MEDP,BUY,2025-11-24 10:00,15.0,608.7,9130.5,br8.1 Daily STL Break,Rebound from the 21e and a break of a daily STL. Swing Trader Idea generation. Starting a 2.5% position as I'm very cold at the moment. RS is strong on the stock,0.0,579.0,B1,0.0,0.0,0.0,,,,2025-11-24 10:00:00
202511-032,WDC,BUY,2025-11-25 09:40,60.0,151.55,9093.0,br3.1 Reclaim 21e,Reclaim of the 21e. Showing RS in downturn. Hot group,0.0,147.0,B1,0.0,0.0,0.0,,,,2025-11-25 09:40:00
202511-031,SPXL,BUY,2025-11-25 09:35,45.0,210.9386,9492.237,br3.1 Reclaim 21e,SPY reclaims the 21e. Rotation to RSP ,0.0,201.15,B1,0.0,0.0,0.0,,,,2025-11-25 09:35:00
202511-030,TQQQ,BUY,2025-11-25 09:30,175.0,51.535,9018.625,br3.1 Reclaim 21e,QQQ reclaims the 50s and the 21e,0.0,52.0,B1,0.0,0.0,0.0,,,,2025-11-25 09:30:00
202511-028,MEDP,BUY,2025-11-25 09:17,15.0,626.4,9396.0,br10.1 Add: New High after Gentle PB,,0.0,616.46,B2,0.0,0.0,0.0,,,,2025-11-25 09:17:00
202511-028,MEDP,SELL,2025-11-25 13:34,15.0,616.46,9246.9,sr1.1 capital protection - hard stop,,-149.0999999999991,0.0,SB2,0.0,0.0,0.0,,,,2025-11-25 13:34:00
202511-029,AMKR,BUY,2025-11-25 08:25,275.0,33.67,9259.25,br3.1 Reclaim 21e,Showing RS with green signal. Above the 21e. Using the 10W as my stop. Hasn't closed below it since the uptrend. ,0.0,33.5,B1,0.0,0.0,0.0,,,,2025-11-25 08:25:00
202511-034,NVDA,BUY,2025-11-25 22:16,52.0,176.7393,9190.4436,ns No Setup,Just conviction buy. Stock chart doesn't look great,0.0,164.25,B1,0.0,0.0,0.0,,,,2025-11-25 22:16:00
202511-033,AMD,BUY,2025-11-25 12:40,45.0,200.72,9032.4,ns No Setup,Just conviction and no chart setup,0.0,201.0,B1,0.0,0.0,0.0,,,,2025-11-25 12:40:00
202511-035,SOFI,BUY,2025-11-26 12:01,325.0,28.71,9330.75,br3.2 Reclaim 50s,Adding here using the 10W reclaim. a Flush and a powerful reclaim. RS is green on the weekly chart,0.0,28.0,B1,0.0,0.0,0.0,,,,2025-11-26 12:01:00
202511-029,AMKR,BUY,2025-11-26 14:55,270.0,33.83,9134.1,br10.8 Add: Generic Scale-In,Adding to IP,0.0,33.5,A1,0.0,0.0,0.0,,,,2025-11-26 14:55:00
202511-035,SOFI,BUY,2025-11-26 12:01,325.0,28.71,9330.75,br10.8 Add: Generic Scale-In,Adding to IP,0.0,28.0,A1,0.0,0.0,0.0,,,,2025-11-26 12:01:00
202511-032,WDC,BUY,2025-11-26 08:30,60.0,157.03,9421.8,br10.8 Add: Generic Scale-In,Adding to IP,0.0,147.0,A1,0.0,0.0,0.0,,,,2025-11-26 08:30:00
202511-031,SPXL,BUY,2025-11-26 13:08,90.0,217.36,19562.4,br10.1 Add: New High after Gentle PB,Adding to IP,0.0,201.15,A1,0.0,0.0,0.0,,,,2025-11-26 13:08:00
202511-030,TQQQ,BUY,2025-11-26 13:09,350.0,53.04,18564.0,br10.8 Add: Generic Scale-In,Break of STL. Adding to IP,0.0,52.0,A1,0.0,0.0,0.0,,,,2025-11-26 13:09:00
202511-035,SOFI,BUY,2025-11-26 13:06,650.0,28.745,18684.25,br10.8 Add: Generic Scale-In,Adding to IP,0.0,28.0,A2,0.0,0.0,0.0,,,,2025-11-26 13:06:00
202511-028,MEDP,BUY,2025-11-24 10:00,15.0,610.79,9161.85,br10.2 Add: KMA Pullback,PB to 8e and STL,0.0,593.0,A1,0.0,0.0,0.0,,,,2025-11-24 10:00:00
202511-036,HOOD,BUY,2025-11-26 13:14,75.0,123.67,9275.25,br1.4 Double Bottom,On HOOD news DB entry,0.0,120.5,B1,0.0,0.0,0.0,,,,2025-11-26 13:14:00
202511-038,GDX,BUY,2025-11-26 13:11,465.0,79.48,36958.2,br3.1 Reclaim 21e,,0.0,78.0,B1,0.0,0.0,0.0,,,,2025-11-26 13:11:00
202511-031,SPXL,BUY,2025-11-26 13:08,90.0,220.2988,19826.892,br10.8 Add: Generic Scale-In,,0.0,201.15,A2,0.0,0.0,0.0,,,,2025-11-26 13:08:00
202511-030,TQQQ,BUY,2025-11-26 08:30,175.0,52.9,9257.5,br10.8 Add: Generic Scale-In,,0.0,52.0,A2,0.0,0.0,0.0,,,,2025-11-26 08:30:00
202511-040,PWR,BUY,2025-11-26 13:13,20.0,457.31,9146.2,br3.1 Reclaim 21e,,0.0,450.0,B1,0.0,0.0,0.0,,,,2025-11-26 13:13:00
202511-039,CIEN,BUY,2025-11-26 13:12,46.0,201.47,9267.62,br8.1 Daily STL Break,Break of STL and RS above moving averages,0.0,187.0,B1,0.0,0.0,0.0,,,,2025-11-26 13:12:00
202511-036,HOOD,BUY,2025-11-26 13:14,75.0,125.6478,9423.585,br10.8 Add: Generic Scale-In,,0.0,120.5,A1,0.0,0.0,0.0,,,,2025-11-26 13:14:00
202511-037,FIX,BUY,2025-11-26 12:57,10.0,980.76,9807.6,br3.1 Reclaim 21e,,0.0,910.0,B1,0.0,0.0,0.0,,,,2025-11-26 12:57:00
202511-029,AMKR,BUY,2025-11-25 08:30,545.0,34.227,18653.714999999997,br10.8 Add: Generic Scale-In,,0.0,33.5,B2,0.0,0.0,0.0,,,,2025-11-25 08:30:00
202511-030,TQQQ,BUY,2025-11-25 09:30,175.0,53.475,9358.125,br10.8 Add: Generic Scale-In,,0.0,49.73175,A3,0.0,0.0,0.0,,,,2025-11-25 09:30:00
202511-031,SPXL,BUY,2025-11-25 09:35,45.0,210.9,9490.5,br10.8 Add: Generic Scale-In,,0.0,217.5,A3,0.0,0.0,0.0,,,,2025-11-25 09:35:00
202511-028,MEDP,SELL,2025-11-24 10:00,15.0,601.05,9015.75,sr1.1 capital protection - hard stop,,-146.10000000000014,0.0,SA1,0.0,0.0,0.0,,,,2025-11-24 10:00:00
202511-011,LLY,SELL,2025-11-28 08:36,4.0,1089.55,4358.2,sr4 Change of Character,Market rotation ,224.67999999999935,0.0,SA1,0.0,0.0,0.0,,,,2025-11-28 08:36:00
202511-011,LLY,SELL,2025-11-28 08:38,14.0,1088.11,15233.54,sr4 Change of Character,,1613.0799999999988,0.0,Rotation is back out of healthcare,0.0,0.0,0.0,,,,2025-11-28 08:38:00
202511-011,LLY,SELL,2025-11-28 08:47,18.0,1072.164,19298.952,sr4 Change of Character,,1925.4919999999995,0.0,Rotation out of healthcare,0.0,0.0,0.0,,,,2025-11-28 08:47:00
202511-028,MEDP,SELL,2025-11-24 10:00,15.0,599.38,8990.7,sr1.1 capital protection - hard stop,,-139.80000000000075,0.0,SB1,0.0,0.0,0.0,,,,2025-11-24 10:00:00
202511-040,PWR,SELL,2025-11-26 13:13,20.0,459.669,9193.38,sr1.1 capital protection - hard stop,,47.17999999999961,0.0,Not acting well. Very cautious at the moment,0.0,0.0,0.0,,,,2025-11-26 13:13:00
202511-041,CLS,BUY,2025-11-28 18:50,28.0,337.701,9455.628,br3.1 Reclaim 21e,,0.0,310.68492000000003,B1,0.0,0.0,0.0,,,,2025-11-28 18:50:00
202511-036,HOOD,BUY,2025-11-26 12:27,141.0,128.725,18150.225,br10.8 Add: Generic Scale-In,,0.0,119.71425,A2,0.0,0.0,0.0,,,,2025-11-26 12:27:00
202511-034,NVDA,BUY,2025-11-25 22:16,52.0,178.065,9259.38,br10.8 Add: Generic Scale-In,,0.0,165.60045,A1,0.0,0.0,0.0,,,,2025-11-25 22:16:00
202511-042,BE,BUY,2025-11-28 09:39,89.0,105.51,9390.39,br3.2 Reclaim 50s,Reclaims both the 50s and the 21e,0.0,102.0,B1,0.0,0.0,0.0,,,,2025-11-28 09:39:00
202511-037,FIX,SELL,2025-12-01 08:30,10.0,960.365,9603.65,sr1.1 capital protection - hard stop,,-203.94999999999985,0.0,SB1,0.0,0.0,0.0,,,,2025-12-01 08:30:00
202511-039,CIEN,SELL,2025-12-01 08:37,46.0,198.415,9127.09,sr1.1 capital protection - hard stop,,-140.5300000000003,0.0,Market selloff and reducing exposure.,0.0,0.0,0.0,,,,2025-12-01 08:37:00
202511-041,CLS,BUY,2025-11-28 08:30,28.0,339.55,9507.4,br10.8 Add: Generic Scale-In,,0.0,330.1,A1,0.0,0.0,0.0,,,,2025-11-28 08:30:00
202511-041,CLS,SELL,2025-12-01 08:32,56.0,330.1,18485.6,sr1.1 capital protection - hard stop,,-477.42799999999966,0.0,Market selloff and reducing exposure.,0.0,0.0,0.0,,,,2025-12-01 08:32:00
202511-032,WDC,BUY,2025-12-01 09:02,119.0,159.09,18931.71,br10.8 Add: Generic Scale-In,Increasing to 10% PS,0.0,168.5,A2,0.0,0.0,0.0,,,,2025-12-01 09:02:00
202511-042,BE,SELL,2025-12-01 10:07,89.0,101.595,9041.955,sr1.1 capital protection - hard stop,,-348.43500000000057,0.0,SB1,0.0,0.0,0.0,,,,2025-12-01 10:07:00
202511-033,AMD,BUY,2025-12-01 09:02,45.0,217.9273,9806.7285,br10.8 Add: Generic Scale-In,Increasing to 5% PS,0.0,202.672389,A1,0.0,0.0,0.0,,,,2025-12-01 09:02:00
202511-034,NVDA,BUY,2025-12-01 12:18,108.0,179.305,19364.94,br10.8 Add: Generic Scale-In,Increasing to 10% PS,0.0,166.75365,A2,0.0,0.0,0.0,,,,2025-12-01 12:18:00
202511-033,AMD,BUY,2025-12-01 12:48,83.0,220.25,18280.75,br10.3 Add: KMA Reclaim,,0.0,209.23,A2,0.0,0.0,0.0,,,,2025-12-01 12:48:00
202512-002,ALAB,BUY,2025-12-02 09:19,53.0,177.195,9391.335,br8.1 Daily STL Break,,0.0,168.33524999999997,B1,0.0,0.0,0.0,,,,2025-12-02 09:19:00
202511-030,TQQQ,BUY,2025-12-02 09:19,1000.0,54.94,54940.0,br10.8 Add: Generic Scale-In,,0.0,50.5448,A4,0.0,0.0,0.0,,,,2025-12-02 09:19:00
202511-030,TQQQ,BUY,2025-12-02 09:19,537.0,55.19,29637.03,br10.8 Add: Generic Scale-In,,0.0,52.56,A5,0.0,0.0,0.0,,,,2025-12-02 09:19:00
202511-029,AMKR,BUY,2025-12-02 09:19,242.0,38.861,9404.362,br10.1 Add: New High after Gentle PB,,0.0,35.0,A2,0.0,0.0,0.0,,,,2025-12-02 09:19:00
202512-003,U,BUY,2025-12-02 09:19,212.0,44.511,9436.332,br1.2 Cup w Handle,,0.0,42.28545,B1,0.0,0.0,0.0,,,,2025-12-02 09:19:00
202512-001,CRDO,BUY,2025-12-02 09:19,25.0,204.62,5115.5,br6.1 Gapper,Massive earnings gap. ,0.0,188.0,B1,0.0,0.0,0.0,,,,2025-12-02 09:19:00
202512-001,CRDO,BUY,2025-12-02 09:19,25.0,203.545,5088.625,br10.8 Add: Generic Scale-In,Massive earnings gap. ,0.0,188.0,B2,0.0,0.0,0.0,,,,2025-12-02 09:19:00
202511-038,GDX,SELL,2025-12-02 09:41,465.0,80.575,37467.375,sr4 Change of Character,,509.1749999999995,0.0,broke the 8e on rotation day.,0.0,0.0,0.0,,,,2025-12-02 09:41:00
202512-001,CRDO,BUY,2025-12-02 18:13,20.0,193.54,3870.8,br10.8 Add: Generic Scale-In,,0.0,183.86299999999997,B3,0.0,0.0,0.0,,,,2025-12-02 18:13:00
202512-001,CRDO,BUY,2025-12-02 18:13,20.0,195.8,3916.0,br10.8 Add: Generic Scale-In,,0.0,186.01,B4,0.0,0.0,0.0,,,,2025-12-02 18:13:00
202512-001,CRDO,BUY,2025-12-02 18:13,5.0,195.8,979.0,br10.8 Add: Generic Scale-In,,0.0,186.01,B5,0.0,0.0,0.0,,,,2025-12-02 18:13:00
202512-002,ALAB,SELL,2025-12-02 11:28,53.0,151.27,8017.31,sr4 Change of Character,,-1374.0249999999992,0.0,Nasty downside reversal.,0.0,0.0,0.0,,,,2025-12-02 11:28:00
202512-004,MDB,BUY,2025-12-02 12:20,26.0,407.89,10605.14,br6.1 Gapper,Monster earnings,0.0,396.0,B1,0.0,0.0,0.0,,,,2025-12-02 12:20:00
202512-005,GEV,BUY,2025-12-02 12:30,32.0,604.75,19352.0,br8.1 Daily STL Break,Monster earnings,0.0,574.5124999999999,B1,0.0,0.0,0.0,,,,2025-12-02 12:30:00
202511-029,AMKR,SELL,2025-12-02 08:32,242.0,40.52,9805.84,sr2 Selling into Strength,,401.47800000000143,0.0,SA2,0.0,0.0,0.0,,,,2025-12-02 08:32:00
202511-029,AMKR,SELL,2025-12-03 10:40,270.0,40.64,10972.8,sr2 Selling into Strength,,1838.7000000000007,0.0,SA2,0.0,0.0,0.0,,,,2025-12-03 10:40:00
202512-005,GEV,SELL,2025-12-03 10:40,32.0,584.09,18690.88,sr1.1 capital protection - hard stop,,-661.119999999999,0.0,SB1,0.0,0.0,0.0,,,,2025-12-03 10:40:00
202512-001,CRDO,SELL,2025-12-03 10:40,95.0,179.112,17015.64,sr1.1 capital protection - hard stop,,-1954.2850000000003,0.0,SB5,0.0,0.0,0.0,,,,2025-12-03 10:40:00
202512-004,MDB,SELL,2025-12-03 10:40,13.0,397.384,5165.992,sr1.1 capital protection - hard stop,,-86.8919999999996,0.0,SB1,0.0,0.0,0.0,,,,2025-12-03 10:40:00
202512-006,NAIL,BUY,2025-12-03 11:14,146.0,66.61,9725.06,br9.1 21e Strategy,,0.0,61.281200000000005,B1,0.0,0.0,0.0,,,,2025-12-03 11:14:00
202512-004,MDB,BUY,2025-12-03 10:51,34.0,404.068,13738.312,br10.8 Add: Generic Scale-In,Adding on reclaim of gap up low ,0.0,396.0,A1,0.0,0.0,0.0,,,,2025-12-03 10:51:00
202512-007,GOOGL,BUY,2025-12-03 13:55,60.0,320.895,19253.699999999997,br3.1 Reclaim 21e,PB to the 8e. Mishandled GOOGL. Buying it again here. ,0.0,299.0,B1,0.0,0.0,0.0,,,,2025-12-03 13:55:00
202512-008,PLTR,BUY,2025-12-03 14:23,112.0,175.179,19620.048,br1.4 Double Bottom,Db entry here on my biggest winners,0.0,168.5,B1,0.0,0.0,0.0,,,,2025-12-03 14:23:00
202511-036,HOOD,BUY,2025-12-03 14:23,69.0,134.0388,9248.6772,br10.3 Add: KMA Reclaim,Adding to HOOD after reclaim of 50s,0.0,127.33686,A3,0.0,0.0,0.0,,,,2025-12-03 14:23:00
202511-036,HOOD,BUY,2025-12-04 08:38,66.0,134.79,8896.14,br10.3 Add: KMA Reclaim,,0.0,128.0505,A4,0.0,0.0,0.0,,,,2025-12-04 08:38:00
202512-012,APP,BUY,2025-12-04 11:08,14.0,693.801,9713.214,br1.1 Consolidation,Double bottom entry. buying late. missed the move ,0.0,659.11095,B1,0.0,0.0,0.0,,,,2025-12-04 11:08:00
202512-006,NAIL,BUY,2025-12-04 12:31,73.0,64.005,4672.365,br10.8 Add: Generic Scale-In,,0.0,60.80474999999999,A1,0.0,0.0,0.0,,,,2025-12-04 12:31:00
202512-004,MDB,SELL,2025-12-04 12:46,47.0,397.099,18663.653,sr1 Capital Protection,,-426.9149999999998,0.0,SA1,0.0,0.0,0.0,,,,2025-12-04 12:46:00
202512-010,LLY,BUY,2025-12-04 08:31,38.0,1024.41,38927.58,br4.1 PB 21e,PB from 21e and rebounding ,0.0,1006.06,B1,0.0,0.0,0.0,,,,2025-12-04 08:31:00
202512-009,SNDK,BUY,2025-12-04 08:31,175.0,216.176,37830.8,br8.1 Daily STL Break,Break of daily stl. previous big leader,0.0,204.5,B1,0.0,0.0,0.0,,,,2025-12-04 08:31:00
202512-011,RDDT,BUY,2025-12-04 08:31,40.0,230.33,9213.2,br1.1 Consolidation,Nice consolidation breakout,0.0,205.5,B1,0.0,0.0,0.0,,,,2025-12-04 08:31:00
202511-035,SOFI,BUY,2025-12-04 08:31,200.0,27.448,5489.6,br10.8 Add: Generic Scale-In,Gapped down on dilution news ,0.0,27.0,A3,0.0,0.0,0.0,,,,2025-12-04 08:31:00
202512-006,NAIL,BUY,2025-12-04 08:31,100.0,62.87,6287.0,br10.8 Add: Generic Scale-In,,0.0,57.8404,A2,0.0,0.0,0.0,,,,2025-12-04 08:31:00
202512-010,LLY,SELL,2025-12-04 12:54,38.0,1006.06,38230.28,sr1 Capital Protection,,-697.3000000000052,0.0,SB1,0.0,0.0,0.0,,,,2025-12-04 12:54:00
202512-006,NAIL,SELL,2025-12-08 08:30,160.0,60.12,9619.2,sr1 Capital Protection,,-522.8549999999998,0.0,SA1,0.0,0.0,0.0,,,,2025-12-08 08:30:00
202512-006,NAIL,SELL,2025-12-08 08:35,159.0,58.97,9376.23,sr1 Capital Protection,,-1166.14,0.0,SA2,0.0,0.0,0.0,,,,2025-12-08 08:35:00
202512-011,RDDT,BUY,2025-12-08 08:41,44.0,228.43,10050.92,br10.1 Add: New High after Gentle PB,Adding after pb that found support at the consolidation level,0.0,205.5,A1,0.0,0.0,0.0,,,,2025-12-08 08:41:00
202512-003,U,BUY,2025-12-08 08:40,215.0,47.2,10148.0,br10.8 Add: Generic Scale-In,Breakout to new ATH,0.0,43.42400000000001,A1,0.0,0.0,0.0,,,,2025-12-08 08:40:00
202511-029,AMKR,SELL,2025-12-08 10:52,320.0,44.335,14187.2,sr2 Selling into Strength,,3234.5600000000013,0.0,SB1,0.0,0.0,0.0,,,,2025-12-08 10:52:00
202512-013,GEV,BUY,2025-12-08 08:42,47.0,615.1,28909.7,br8.1 Daily STL Break,Break of STL. 2nd try,0.0,575.0,B1,0.0,0.0,0.0,,,,2025-12-08 08:42:00
202512-012,APP,BUY,2025-12-09 11:47,13.0,699.44,9092.72,br10.8 Add: Generic Scale-In,Showing RS in a red day. Added to position,0.0,664.4680000000001,A1,0.0,0.0,0.0,,,,2025-12-09 11:47:00
202511-036,HOOD,BUY,2025-12-09 11:47,67.0,138.195,9259.065,br10.8 Add: Generic Scale-In,Continuing to build max position on this double bottom,0.0,117.5,A5,0.0,0.0,0.0,,,,2025-12-09 11:47:00
202511-029,AMKR,BUY,2025-12-09 11:47,372.0,44.469,16542.468,br10.8 Add: Generic Scale-In,Adding back after stock recovered from extension,0.0,42.24555,A3,0.0,0.0,0.0,,,,2025-12-09 11:47:00
202512-014,ARKK,BUY,2025-12-09 11:47,334.0,82.737,27634.158,br3.1 Reclaim 21e,"Webby 3-day rule, RS not confirming ",0.0,79.84120499999999,B1,0.0,0.0,0.0,,,,2025-12-09 11:47:00
202511-035,SOFI,SELL,2025-12-09 12:50,750.0,26.891,20168.25,sr1 Capital Protection,,-1131.100000000002,0.0,SA3,0.0,0.0,0.0,,,,2025-12-09 12:50:00
202511-035,SOFI,SELL,2025-12-09 13:20,750.0,26.882,20161.5,sr1 Capital Protection,,-1374.4999999999995,0.0,SA2,0.0,0.0,0.0,,,,2025-12-09 13:20:00
202512-015,ETHA,BUY,2025-12-09 14:31,440.0,25.5,11220.0,br3.1 Reclaim 21e,,0.0,24.225,B1,0.0,0.0,0.0,,,,2025-12-09 14:31:00
202512-003,U,BUY,2025-12-10 08:30,348.0,48.99,17048.52,br10.1 Add: New High after Gentle PB,new ATH on huge monthly base ,0.0,48.0,A2,0.0,0.0,0.0,,,,2025-12-10 08:30:00
202512-013,GEV,BUY,2025-12-10 08:30,19.0,693.0,13167.0,br10.5 Add: Continuation Gap Up,gapped up on updated guidance news ,0.0,678.0,A1,0.0,0.0,0.0,,,,2025-12-10 08:30:00
202511-029,AMKR,BUY,2025-12-10 08:30,100.0,45.795,4579.5,br10.1 Add: New High after Gentle PB,new ATH on monthly base,0.0,43.50525,A4,0.0,0.0,0.0,,,,2025-12-10 08:30:00
202511-029,AMKR,BUY,2025-12-10 08:30,100.0,45.871,4587.1,br10.1 Add: New High after Gentle PB,new ATH on monthly base ,0.0,43.0,A5,0.0,0.0,0.0,,,,2025-12-10 08:30:00
202512-008,PLTR,BUY,2025-12-10 08:30,60.0,186.695,11201.7,br10.8 Add: Generic Scale-In,new government contract. acting well,0.0,177.5,A1,0.0,0.0,0.0,,,,2025-12-10 08:30:00
202512-011,RDDT,BUY,2025-12-10 08:30,78.0,238.73,18620.94,br10.8 Add: Generic Scale-In,acting well above consolidation area,0.0,222.5,A2,0.0,0.0,0.0,,,,2025-12-10 08:30:00
202512-007,GOOGL,BUY,2025-12-10 17:17,60.0,321.059,19263.54,br10.8 Add: Generic Scale-In,,0.0,314.0,A1,0.0,0.0,0.0,,,,2025-12-10 17:17:00
202512-015,ETHA,SELL,2025-12-11 08:30,440.0,24.025,10571.0,sr1 Capital Protection,,-649.0000000000007,0.0,SB1,0.0,0.0,0.0,,,,2025-12-11 08:30:00
202511-033,AMD,SELL,2025-12-11 08:30,173.0,215.31,37248.63,sr1 Capital Protection,,128.7515000000003,0.0,SA2,0.0,0.0,0.0,,,,2025-12-11 08:30:00
202512-014,ARKK,SELL,2025-12-11 08:30,334.0,81.842,27335.228,sr1 Capital Protection,,-298.9299999999987,0.0,SB1,0.0,0.0,0.0,,,,2025-12-11 08:30:00
202511-034,NVDA,SELL,2025-12-11 08:30,212.0,179.521,38058.452,sr1 Capital Protection,,243.68839999999727,0.0,SA2,0.0,0.0,0.0,,,,2025-12-11 08:30:00
202512-013,GEV,BUY,2025-12-11 11:49,10.0,694.43,6944.299999999999,br10.8 Add: Generic Scale-In,PB to base on market selloff based on ORCL earnings,0.0,659.7085,A2,0.0,0.0,0.0,,,,2025-12-11 11:49:00
202511-029,AMKR,BUY,2025-12-11 11:49,225.0,46.34,10426.5,br10.8 Add: Generic Scale-In,PB to base on market selloff based on ORCL earnings,0.0,43.0,A6,0.0,0.0,0.0,,,,2025-12-11 11:49:00
202512-007,GOOGL,SELL,2025-12-11 08:30,120.0,314.972,37796.64,sr1 Capital Protection,,-720.6000000000029,0.0,SA1,0.0,0.0,0.0,,,,2025-12-11 08:30:00
202512-016,LLY,BUY,2025-12-11 11:49,23.0,1020.11,23462.53,br3.1 Reclaim 21e,Reclaim of 21e by LLY after multiple days pullback ,0.0,969.1045,B1,0.0,0.0,0.0,,,,2025-12-11 11:49:00
202512-017,ASTS,BUY,2025-12-12 08:30,702.0,83.207,58411.314,br1.1 Consolidation,Put wrong market buy order on IBKR,0.0,76.55044,B1,0.0,0.0,0.0,,,,2025-12-12 08:30:00
202512-017,ASTS,SELL,2025-12-12 12:24,702.0,82.67,58034.34,sr1 Capital Protection,,-376.9739999999944,0.0,mistake entry,0.0,0.0,0.0,,,,2025-12-12 12:24:00
202512-003,U,SELL,2025-12-12 08:37,775.0,47.895,37118.625,sr1 Capital Protection,,485.7730000000006,0.0,SA2,0.0,0.0,0.0,,,,2025-12-12 08:37:00
202512-018,ASTS,BUY,2025-12-12 08:51,100.0,83.16,8316.0,br1.1 Consolidation,anticipated buy point,0.0,76.5072,B1,0.0,0.0,0.0,,,,2025-12-12 08:51:00
202512-013,GEV,SELL,2025-12-12 09:09,38.0,665.75,25298.5,sr1 Capital Protection,,-533.1299999999992,0.0,Market under pressure,0.0,0.0,0.0,,,,2025-12-12 09:09:00
202512-018,ASTS,SELL,2025-12-12 09:44,100.0,81.338,8133.799999999999,sr1 Capital Protection,,-182.20000000000027,0.0,Market under pressure,0.0,0.0,0.0,,,,2025-12-12 09:44:00
202512-016,LLY,BUY,2025-12-12 08:51,7.0,1023.69,7165.83,br10.8 Add: Generic Scale-In,,0.0,1003.0,A1,0.0,0.0,0.0,,,,2025-12-12 08:51:00
202512-013,GEV,BUY,2025-12-12 08:51,22.0,669.515,14729.33,br10.8 Add: Generic Scale-In,,0.0,656.0,A3,0.0,0.0,0.0,,,,2025-12-12 08:51:00
202512-019,ULTA,BUY,2025-12-12 08:51,15.0,599.09,8986.35,br1.1 Consolidation,,0.0,585.0,B1,0.0,0.0,0.0,,,,2025-12-12 08:51:00
202512-012,APP,SELL,2025-12-12 09:44,27.0,671.15,18121.05,sr1 Capital Protection,,-684.884000000002,0.0,SA1,0.0,0.0,0.0,,,,2025-12-12 09:44:00
202511-030,TQQQ,SELL,2025-12-15 08:29,2412.0,52.82,127401.84,sr1 Capital Protection,,-3373.4399999999946,0.0,SA5,0.0,0.0,0.0,,,,2025-12-15 08:29:00
202512-013,GEV,BUY,2025-12-15 09:07,10.0,690.0,6900.0,br10.8 Add: Generic Scale-In,Adding here on a gap,0.0,656.0,A4,0.0,0.0,0.0,,,,2025-12-15 09:07:00
202512-011,RDDT,SELL,2025-12-15 08:32,162.0,219.737,35597.394,sr1 Capital Protection,,-2287.666000000001,0.0,SA2,0.0,0.0,0.0,,,,2025-12-15 08:32:00
202512-020,TQQQ,BUY,2025-12-15 15:24,225.0,53.727,12088.575,br7.1 TQQQ Strategy,,0.0,0.0,B1,0.0,0.0,0.0,,,,2025-12-15 15:24:00
202511-036,HOOD,SELL,2025-12-15 08:47,493.0,117.436,57895.948,sr1 Capital Protection,,-6356.9941999999955,0.0,SA5,0.0,0.0,0.0,,,,2025-12-15 08:47:00
202511-029,AMKR,SELL,2025-12-15 09:07,762.0,44.222,33697.164000000004,sr2 Selling into Strength,Reducing exposure down to put owned ,-881.9890000000005,0.0,SA6,0.0,0.0,0.0,,,,2025-12-15 09:07:00
202512-013,GEV,SELL,2025-12-15 09:11,10.0,677.155,6771.549999999999,sr1 Capital Protection,,-128.45000000000027,0.0,SA4,0.0,0.0,0.0,,,,2025-12-15 09:11:00
202512-013,GEV,SELL,2025-12-15 09:12,9.0,678.73,6108.57,sr1 Capital Protection,,-128.42999999999984,0.0,SA1,0.0,0.0,0.0,,,,2025-12-15 09:12:00
202511-031,SPXL,SELL,2025-12-15 09:18,109.0,219.084,23880.156,sr1 Capital Protection,,-76.57599999999991,0.0,SA2,0.0,0.0,0.0,,,,2025-12-15 09:18:00
202512-019,ULTA,SELL,2025-12-15 09:21,15.0,597.299,8959.485,sr1 Capital Protection,,-26.865000000000805,0.0,SB1,0.0,0.0,0.0,,,,2025-12-15 09:21:00
202512-020,TQQQ,SELL,2025-12-15 09:26,225.0,51.93,11684.25,sr1 Capital Protection,,-404.32499999999936,0.0,SB1,0.0,0.0,0.0,,,,2025-12-15 09:26:00
202512-009,SNDK,SELL,2025-12-15 09:33,175.0,204.434,35775.95,sr4 Change of Character,,-2054.849999999998,0.0,SB1,0.0,0.0,0.0,,,,2025-12-15 09:33:00
202512-016,LLY,BUY,2025-12-15 12:20,5.0,1061.52,5307.6,br10.8 Add: Generic Scale-In,,0.0,1008.444,A2,0.0,0.0,0.0,,,,2025-12-15 12:20:00
202512-021,GOOGL,BUY,2025-12-15 14:16,20.0,308.3755,6167.51,br4.1 PB 21e,,0.0,299.66,B1,0.0,0.0,0.0,,,,2025-12-15 14:16:00
202511-032,WDC,SELL,2025-12-15 14:41,239.0,172.044,41118.516,sr4 Change of Character,,3672.0060000000017,0.0,SA2,0.0,0.0,0.0,,,,2025-12-15 14:41:00
202512-021,GOOGL,SELL,2025-12-16 08:33,20.0,304.62,6092.4,sr1 Capital Protection,Opened below 21e. sold. ,-75.10999999999967,0.0,SB1,0.0,0.0,0.0,,,,2025-12-16 08:33:00
202511-029,AMKR,SELL,2025-12-16 08:33,535.0,42.282,22620.87,sr1 Capital Protection,Loosing RS. Closing Trade here ,4104.129999999998,0.0,SA3,0.0,0.0,0.0,,,,2025-12-16 08:33:00
202512-022,TSLA,BUY,2025-12-16 08:49,24.0,474.98,11399.52,br5.2 Upside Reversal,Upside reversal at consolidation area,0.0,465.5,B1,0.0,0.0,0.0,,,,2025-12-16 08:49:00
202512-023,GOOGL,BUY,2025-12-16 08:49,75.0,309.1085,23183.1375,br3.1 Reclaim 21e,Upside reversal at 21e,0.0,303.0,B1,0.0,0.0,0.0,,,,2025-12-16 08:49:00
202512-023,GOOGL,SELL,2025-12-16 12:56,75.0,302.935,22720.125,sr1 Capital Protection,Stopped out,-463.0124999999993,0.0,SB1,0.0,0.0,0.0,,,,2025-12-16 12:56:00
202511-031,SPXL,SELL,2025-12-16 12:56,161.0,216.858,34914.138,sr1 Capital Protection,Market sells off ,498.84099999999904,0.0,SA1,0.0,0.0,0.0,,,,2025-12-16 12:56:00
202512-024,GDX,BUY,2025-12-16 12:56,135.0,86.01,11611.35,br1.1 Consolidation,,0.0,83.5,B1,0.0,0.0,0.0,,,,2025-12-16 12:56:00
202512-022,TSLA,BUY,2025-12-16 12:56,24.0,480.155,11523.72,br10.8 Add: Generic Scale-In,,0.0,465.5,B2,0.0,0.0,0.0,,,,2025-12-16 12:56:00
202512-025,UPRO,BUY,2025-12-16 14:31,102.0,114.545,11683.59,br5.2 Upside Reversal,,0.0,112.0,B1,0.0,0.0,0.0,,,,2025-12-16 14:31:00
202512-026,WDC,BUY,2025-12-17 09:25,88.0,177.83,15649.04,br1.3 Cup w/o Handle,,0.0,163.60360000000003,B1,0.0,0.0,0.0,,,,2025-12-17 09:25:00
202512-013,GEV,SELL,2025-12-17 10:17,51.0,655.553,33433.203,sr4 Change of Character,Nasty reversal of sell of day,1751.5029999999988,0.0,SA1,0.0,0.0,0.0,,,,2025-12-17 10:17:00
202512-026,WDC,SELL,2025-12-17 10:17,88.0,170.4,14995.2,sr1 Capital Protection,Stopped out,-653.8400000000006,0.0,SB1,0.0,0.0,0.0,,,,2025-12-17 10:17:00
202512-025,UPRO,SELL,2025-12-17 10:17,102.0,112.0,11424.0,sr1 Capital Protection,Stopped out,-259.59000000000015,0.0,SB1,0.0,0.0,0.0,,,,2025-12-17 10:17:00
202512-022,TSLA,SELL,2025-12-17 10:17,48.0,479.79,23029.92,sr1 Capital Protection,Stopped out,106.6800000000012,0.0,SB2,0.0,0.0,0.0,,,,2025-12-17 10:17:00
202512-008,PLTR,SELL,2025-12-17 10:17,172.0,182.475,31385.7,sr1 Capital Protection,Stopped out,563.9519999999992,0.0,SA1,0.0,0.0,0.0,,,,2025-12-17 10:17:00
202512-016,LLY,SELL,2025-12-17 10:43,35.0,1051.072,36787.52,sr1 Capital Protection,,851.5599999999955,0.0,SA2,0.0,0.0,0.0,,,,2025-12-17 10:43:00
202512-024,GDX,SELL,2025-12-17 10:43,135.0,84.855,11455.425,sr1 Capital Protection,,-155.92500000000015,0.0,SB1,0.0,0.0,0.0,,,,2025-12-17 10:43:00
202512-027,WDC,BUY,2025-12-18 11:26,40.0,179.68,7187.200000000001,br1.2 Cup w Handle,Testing the waters on MU earnings gap,0.0,177.0,B1,0.0,0.0,0.0,,,,2025-12-18 11:26:00
202512-028,APP,BUY,2025-12-18 11:26,9.0,701.92,6317.28,br1.2 Cup w Handle,Testing the waters on MU earnings gap ,0.0,645.7664,B1,0.0,0.0,0.0,,,,2025-12-18 11:26:00
202512-027,WDC,SELL,2025-12-18 11:27,40.0,176.95,7078.0,sr1 Capital Protection,This market is not ready for trading,0.0,0.0,SB1,0.0,0.0,0.0,,,,2025-12-18 11:27:00
202512-028,APP,SELL,2025-12-18 11:27,9.0,690.02,6210.18,sr1 Capital Protection,This market is not ready for trading,0.0,0.0,SB1,0.0,0.0,0.0,,,,2025-12-18 11:27:00
202512-029,SNDK,BUY,2025-12-19 09:23,23.0,237.99,5473.77,br8.1 Daily STL Break,Shotgun as market attempt to recover ,0.0,297.5,B1,0.0,0.0,0.0,,,,2025-12-19 09:23:00
202512-030,XBI,BUY,2025-12-19 09:23,46.0,122.7193,5645.0878,br4.1 PB 21e,Shotgun as market attempt to recover ,0.0,119.5,B1,0.0,0.0,0.0,,,,2025-12-19 09:23:00
202512-031,PLTR,BUY,2025-12-19 09:23,30.0,190.205,5706.150000000001,br1.2 Cup w Handle,Shotgun as market attempt to recover ,0.0,181.5,B1,0.0,0.0,0.0,,,,2025-12-19 09:23:00
202512-032,WDC,BUY,2025-12-19 09:23,31.0,180.98,5610.38,br1.2 Cup w Handle,Shotgun as market attempt to recover ,0.0,174.25,B1,0.0,0.0,0.0,,,,2025-12-19 09:23:00
202512-033,MU,BUY,2025-12-19 09:23,21.0,263.86,5541.06,br1.2 Cup w Handle,Shotgun as market attempt to recover ,0.0,298.0,B1,0.0,0.0,0.0,,,,2025-12-19 09:23:00
202512-034,AMKR,BUY,2025-12-19 09:23,142.0,40.349,5729.557999999999,br4.1 PB 21e,Shotgun as market attempt to recover ,0.0,43.15,B1,0.0,0.0,0.0,,,,2025-12-19 09:23:00
202512-035,TQQQ,BUY,2025-12-19 10:23,472.0,53.22,25119.84,br3.1 Reclaim 21e,Market rebounded and reclaiming the 21e,0.0,52.0,B1,0.0,0.0,0.0,,,,2025-12-19 10:23:00
202512-036,ASTS,BUY,2025-12-19 10:23,81.0,70.28,5692.68,br1.4 Double Bottom,RKLB is the leader but out of position and wild ,0.0,64.0,B1,0.0,0.0,0.0,,,,2025-12-19 10:23:00
202512-037,UPRO,BUY,2025-12-19 10:32,271.0,115.708,31356.868,br3.1 Reclaim 21e,Market is rebounding here. Increasing exposure. ,0.0,113.5,B1,0.0,0.0,0.0,,,,2025-12-19 10:32:00
202512-038,TER,BUY,2025-12-19 12:27,55.0,195.41,10747.55,br4.1 PB 21e,Initial pilot trades are working today. Adding more,0.0,208.0,B1,0.0,0.0,0.0,,,,2025-12-19 12:27:00
202512-039,GEV,BUY,2025-12-19 12:27,9.0,655.972,5903.748,br4.1 PB 21e,Initial pilot trades are working today. Adding more,0.0,633.5,B1,0.0,0.0,0.0,,,,2025-12-19 12:27:00
202512-031,PLTR,BUY,2025-12-22 08:50,29.0,196.6273,5702.191699999999,br10.8 Add: Generic Scale-In,Adding this buy on PLTR to 5%,0.0,190.728481,A1,0.0,0.0,0.0,,,,2025-12-22 08:50:00
202512-036,ASTS,BUY,2025-12-22 08:50,81.0,79.87,6469.47,br10.8 Add: Generic Scale-In,Adding to a winning stock,0.0,76.0,A1,0.0,0.0,0.0,,,,2025-12-22 08:50:00
202512-040,TSLA,BUY,2025-12-22 08:50,73.0,494.43,36093.39,br1.3 Cup w/o Handle,Trying TSLA here with a defined risk. ,0.0,487.0,B1,0.0,0.0,0.0,,,,2025-12-22 08:50:00
202512-029,SNDK,BUY,2025-12-22 08:50,23.0,242.55,5578.650000000001,br10.8 Add: Generic Scale-In,Adding to a working trade,0.0,221.0,A1,0.0,0.0,0.0,,,,2025-12-22 08:50:00
202512-029,SNDK,SELL,2025-12-22 09:12,23.0,234.92,5403.16,sr1 Capital Protection,Add buy not working,-40.49000000000055,0.0,SA1,0.0,0.0,0.0,,,,2025-12-22 09:12:00
202512-040,TSLA,SELL,2025-12-22 08:50,73.0,486.148,35488.804000000004,sr1 Capital Protection,Bloomberg negative news ,0.0,0.0,SB1,0.0,0.0,0.0,,,,2025-12-22 08:50:00
202512-041,GOOGL,BUY,2025-12-22 10:25,39.0,308.87,12045.93,br4.1 PB 21e,Nice consolidation and reclaim of 21e,0.0,319.0,B1,0.0,0.0,0.0,,,,2025-12-22 10:25:00
202512-042,TSLA,BUY,2025-12-22 11:09,30.0,493.89,14816.7,br1.3 Cup w/o Handle,Retrying TSLA after being stopped out initially ,0.0,475.0,B1,0.0,0.0,0.0,,,,2025-12-22 11:09:00
202512-036,ASTS,BUY,2025-12-22 11:23,81.0,84.2168,6821.5608,br1.4 Double Bottom,DB entry point for ASTS,0.0,77.0,A2,0.0,0.0,0.0,,,,2025-12-22 11:23:00
202512-032,WDC,SELL,2025-12-22 11:23,31.0,174.334,5404.354,sr1 Capital Protection,Stopped out ,0.0,0.0,SB1,0.0,0.0,0.0,,,,2025-12-22 11:23:00
202512-029,SNDK,BUY,2025-12-22 12:11,15.0,233.55,3503.25,br10.8 Add: Generic Scale-In,Adding here as it finds support at STL,0.0,348.0,A2,0.0,0.0,0.0,,,,2025-12-22 12:11:00
202512-033,MU,BUY,2025-12-22 13:41,12.0,276.43,3317.16,br10.8 Add: Generic Scale-In,Adding to this after follow up from BO,0.0,298.0,A1,0.0,0.0,0.0,,,,2025-12-22 13:41:00
202512-036,ASTS,BUY,2025-12-23 08:47,31.0,84.9481,2633.3911,br10.8 Add: Generic Scale-In, Added to this. PB to the STL and reclaim of DB buy point,0.0,77.0,A3,0.0,0.0,0.0,,,,2025-12-23 08:47:00
202512-034,AMKR,BUY,2025-12-23 08:57,267.0,40.869,10912.023,br10.8 Add: Generic Scale-In,PB and support at the 21e. Above my entry price,0.0,43.15,A1,0.0,0.0,0.0,,,,2025-12-23 08:57:00
202512-043,BETA,BUY,2025-12-23 14:35,245.0,31.77,7783.65,br1.5 IPO Base,IPO. Inpulse buy really based on Greg Morton video I happened to watch. Not great,0.0,29.5,B1,0.0,0.0,0.0,,,,2025-12-23 14:35:00
202512-029,SNDK,BUY,2025-12-23 14:35,12.0,242.721,2912.652,br10.8 Add: Generic Scale-In,Adding here on nice action and also Webby 3 Day Rule,0.0,497.5,A3,0.0,0.0,0.0,,,,2025-12-23 14:35:00
202512-044,NVDA,BUY,2025-12-23 14:43,73.0,185.8493,13566.9989,br3.2 Reclaim 50s,NVDA reclaims 50s after break of STL,0.0,170.0,B1,0.0,0.0,0.0,,,,2025-12-23 14:43:00
202512-044,NVDA,BUY,2025-12-23 14:43,25.0,188.755,4718.875,br10.8 Add: Generic Scale-In,Adding to IP,0.0,183.0,B2,0.0,0.0,0.0,,,,2025-12-23 14:43:00
202512-033,MU,BUY,2025-12-24 08:45,8.0,283.28,2266.24,br10.8 Add: Generic Scale-In,Making ATH - Adding a little,0.0,298.0,A2,0.0,0.0,0.0,,,,2025-12-24 08:45:00
202512-039,GEV,BUY,2025-12-24 08:45,9.0,664.077,5976.693,br10.8 Add: Generic Scale-In,Break of STL,0.0,633.5,A1,0.0,0.0,0.0,,,,2025-12-24 08:45:00
202512-030,XBI,SELL,2025-12-24 08:45,46.0,125.1,5754.599999999999,sr3 Portfolio Management,Reducing exposure. Stock is doing nothing wrong,0.0,0.0,SB1,0.0,0.0,0.0,,,,2025-12-24 08:45:00
202512-043,BETA,SELL,2025-12-24 08:45,245.0,30.366,7439.67,sr1 Capital Protection,Just not working. reducing exposure. ,0.0,0.0,SB1,0.0,0.0,0.0,,,,2025-12-24 08:45:00
202512-045,RKLB,BUY,2025-12-24 11:53,160.0,76.12,12179.2,br1.2 Cup w Handle,Buying the leader on a pullback,0.0,72.5,B1,0.0,0.0,0.0,,,,2025-12-24 11:53:00
202512-036,ASTS,SELL,2025-12-24 11:53,31.0,77.885,2414.435,sr1 Capital Protection,Stopped out on add. Change of character ,0.0,0.0,SA3,0.0,0.0,0.0,,,,2025-12-24 11:53:00
202512-036,ASTS,SELL,2025-12-26 08:34,243.0,76.94,18696.42,sr4 Change of Character,Round trip from more than 10% gain,0.0,0.0,SA2,0.0,0.0,0.0,,,,2025-12-26 08:34:00
202512-035,TQQQ,BUY,2025-12-26 08:44,151.0,55.595,8394.845,br10.8 Add: Generic Scale-In,Rounding up PS to 15%,0.0,53.81,A1,0.0,0.0,0.0,,,,2025-12-26 08:44:00
202512-045,RKLB,SELL,2025-12-26 08:44,160.0,72.48,11596.8,sr1 Capital Protection,Stopped out. Nasty reversal ,0.0,0.0,SB1,0.0,0.0,0.0,,,,2025-12-26 08:44:00
202512-042,TSLA,SELL,2025-12-26 09:10,30.0,475.1405,14254.215,sr9 Breakout Failure,Stopped out again on BO Failure,0.0,0.0,SB1,0.0,0.0,0.0,,,,2025-12-26 09:10:00
202512-031,PLTR,SELL,2025-12-26 09:10,29.0,190.73,5531.17,sr1 Capital Protection,Stopped out on add buy,0.0,0.0,SA1,0.0,0.0,0.0,,,,2025-12-26 09:10:00
202512-046,ASTS,BUY,2025-12-29 09:04,120.0,73.145,8777.4,br4.3 PB 10w,RS looks strong on both daily and weekly charts ,0.0,87.5,B1,0.0,0.0,0.0,,,,2025-12-29 09:04:00
202512-047,RKLB,BUY,2025-12-29 09:07,161.0,71.25,11471.25,ns No Setup,PB to 8e. Retrying here based on RS being so strong ,0.0,69.25,B1,0.0,0.0,0.0,,,,2025-12-29 09:07:00
202512-048,RDDT,BUY,2025-12-29 12:58,23.0,233.0,5359.0,br1.2 Cup w Handle,Buying this cup. Strong RS on red tape across the board ,0.0,222.0,B1,0.0,0.0,0.0,,,,2025-12-29 12:58:00
202512-048,RDDT,BUY,2025-12-29 12:58,30.0,233.13,6993.9,br10.8 Add: Generic Scale-In,Buying this cup. Strong RS on red tape across the board ,0.0,214.0,B2,0.0,0.0,0.0,,,,2025-12-29 12:58:00
202512-047,RKLB,BUY,2025-12-30 10:10,52.0,73.99,3847.48,br10.8 Add: Generic Scale-In,Strong RS in market. Adding ,0.0,69.25,A1,0.0,0.0,0.0,,,,2025-12-30 10:10:00
202512-031,PLTR,SELL,2025-12-30 15:31,30.0,181.483,5444.49,sr1 Capital Protection,Stopped out. RS below all moving averages ,0.0,0.0,SB1,0.0,0.0,0.0,,,,2025-12-30 15:31:00
202512-047,RKLB,SELL,2025-12-31 15:45,213.0,69.221,14744.073,sr1 Capital Protection,Stopped Out on General Market Selloff to end year,0.0,0.0,SA1,0.0,0.0,0.0,,,,2025-12-31 15:45:00
202601-001,RKLB,BUY,2026-01-02 08:38,156.0,70.63,11018.28,br1.2 Cup w Handle,Retrying this here on the 1st day of trading ,0.0,68.5,B1,0.0,0.0,0.0,,,,2026-01-02 08:38:00
202512-034,AMKR,BUY,2026-01-02 08:38,127.0,42.27,5368.29,br10.8 Add: Generic Scale-In,Increasing to 10% position ,0.0,43.15,A2,0.0,0.0,0.0,,,,2026-01-02 08:38:00
202601-001,RKLB,SELL,2026-01-02 09:05,156.0,68.43,10675.080000000002,sr1 Capital Protection,Stopped out ,0.0,0.0,SB1,0.0,0.0,0.0,,,,2026-01-02 09:05:00
202601-002,RKLB,BUY,2026-01-02 09:05,74.0,71.71,5306.54,br5.2 Upside Reversal,Upside reversal after selling ,0.0,79.0,B1,0.0,0.0,0.0,,,,2026-01-02 09:05:00
202601-003,BE,BUY,2026-01-02 09:05,81.0,95.19,7710.389999999999,br8.1 Daily STL Break,Break of STL on the daily chart,0.0,119.0,B1,0.0,0.0,0.0,,,,2026-01-02 09:05:00
202601-004,FIGR,BUY,2026-01-02 09:05,142.0,43.466056,6172.179952,br8.1 Daily STL Break,Break of STL,0.0,56.0,B1,0.0,0.0,0.0,,,,2026-01-02 09:05:00
202512-035,TQQQ,SELL,2026-01-02 09:05,623.0,52.152,32490.696,sr8 TQQQ Strategy Exit,Sell signal triggered. ,0.0,0.0,SA1,0.0,0.0,0.0,,,,2026-01-02 09:05:00
202512-037,UPRO,SELL,2026-01-02 09:05,271.0,115.265,31236.815,sr8 TQQQ Strategy Exit,Sell signal triggered. ,0.0,0.0,SB1,0.0,0.0,0.0,,,,2026-01-02 09:05:00
202601-005,ALAB,BUY,2025-12-30 13:19,36.0,175.8,6328.8,br1.4 Double Bottom,Strong RS. Sell off day,0.0,160.35,B1,0.0,0.0,0.0,,,,2025-12-30 13:19:00
202601-005,ALAB,BUY,2026-01-02 13:25,36.0,178.5,6426.0,br10.8 Add: Generic Scale-In,Adding here on a break of short consolidation area,0.0,160.0,A1,0.0,0.0,0.0,,,,2026-01-02 13:25:00
202512-039,GEV,BUY,2026-01-02 13:33,13.0,676.67,8796.71,br10.8 Add: Generic Scale-In,Adding after break of consolidation ,0.0,649.0,A2,0.0,0.0,0.0,,,,2026-01-02 13:33:00
202601-005,ALAB,BUY,2026-01-05 08:55,54.0,184.71,9974.34,br10.8 Add: Generic Scale-In,Gap up add buy ,0.0,160.0,A2,0.0,0.0,0.0,,,,2026-01-05 08:55:00
202601-006,LITE,BUY,2026-01-05 12:34,16.0,355.2,5683.2,br3.1 Reclaim 21e,Buying this pb to the 21e. wider stop. ,0.0,320.0,B1,0.0,0.0,0.0,,,,2026-01-05 12:34:00
202512-046,ASTS,BUY,2026-01-05 12:34,18.0,84.1356,1514.4408,br10.8 Add: Generic Scale-In,Adding after BO from consolidation ,0.0,87.5,A1,0.0,0.0,0.0,,,,2026-01-05 12:34:00
202512-048,RDDT,BUY,2026-01-05 12:34,34.0,245.66,8352.44,br10.8 Add: Generic Scale-In,Adding on followup after break of STL,0.0,238.0,A1,0.0,0.0,0.0,,,,2026-01-05 12:34:00
202601-004,FIGR,BUY,2026-01-05 12:34,142.0,46.01,6533.42,br10.8 Add: Generic Scale-In,IPO breakout add buy ,0.0,56.0,A1,0.0,0.0,0.0,,,,2026-01-05 12:34:00
202512-046,ASTS,BUY,2026-01-05 12:34,36.0,84.745,3050.82,br10.8 Add: Generic Scale-In,breakout from consolidation ,0.0,87.5,A2,0.0,0.0,0.0,,,,2026-01-05 12:34:00
202601-007,FIX,BUY,2026-01-05 12:34,11.0,1042.57,11468.27,br1.1 Consolidation,Nice breakout. Small position. ,0.0,1010.0,B1,0.0,0.0,0.0,,,,2026-01-05 12:34:00
202601-005,ALAB,SELL,2026-01-05 12:34,54.0,170.932,9230.328,sr1 Capital Protection,Stopped out after failed BO,0.0,0.0,SA2,0.0,0.0,0.0,,,,2026-01-05 12:34:00
202601-008,ZETA,BUY,2026-01-05 22:21,317.0,21.81,6913.7699999999995,br8.1 Daily STL Break, Break of STL. missed earlier buy signal. ,0.0,20.0,B1,0.0,0.0,0.0,,,,2026-01-05 22:21:00
202512-029,SNDK,SELL,2026-01-06 08:49,12.0,324.85,3898.2,sr2 Selling into Strength,4ATR Extension,985.5480000000002,0.0,SA3,0.0,0.0,0.0,,,,2026-01-06 08:49:00
202601-002,RKLB,BUY,2026-01-06 09:16,81.0,76.96,6233.759999999999,br10.8 Add: Generic Scale-In,,0.0,84.5,A1,0.0,0.0,0.0,,,,2026-01-06 09:16:00
202601-002,RKLB,BUY,2026-01-06 11:44,61.0,82.35,5023.349999999999,br10.8 Add: Generic Scale-In,Continuing to work out. ,0.0,79.0,A2,0.0,0.0,0.0,,,,2026-01-06 11:44:00
202601-007,FIX,SELL,2026-01-06 11:44,11.0,1007.43,11081.73,sr1 Capital Protection,Stopped out,0.0,0.0,SB1,0.0,0.0,0.0,,,,2026-01-06 11:44:00
202601-005,ALAB,SELL,2026-01-06 11:44,72.0,159.87,11510.64,sr4 Change of Character,Stopped out,0.0,0.0,SA1,0.0,0.0,0.0,,,,2026-01-06 11:44:00
202601-008,ZETA,BUY,2026-01-06 11:44,209.0,22.585,4720.265,br10.5 Add: Continuation Gap Up,Adding on a gap up,0.0,21.0,A1,0.0,0.0,0.0,,,,2026-01-06 11:44:00
202512-034,AMKR,SELL,2026-01-06 11:44,150.0,51.14,7671.0,sr2 Selling into Strength,4 ATR Extension,1362.7229999999995,0.0,SA2,0.0,0.0,0.0,,,,2026-01-06 11:44:00
202601-009,UPRO,BUY,2026-01-06 09:13,199.0,120.02,23883.98,br8.1 Daily STL Break,Follow up of SPY after break of STL. Swing Trader Add,0.0,119.5,B1,0.0,0.0,0.0,,,,2026-01-06 09:13:00
202601-006,LITE,BUY,2026-01-06 12:07,47.0,361.785,17003.895,br10.8 Add: Generic Scale-In,Upside reversal at 21e,0.0,361.0,A1,0.0,0.0,0.0,,,,2026-01-06 12:07:00
202601-010,VIAV,BUY,2026-01-06 12:50,918.0,18.598,17072.964,br8.1 Daily STL Break,Nice consolidation and STL break. Weekly chart in play,0.0,17.5,B1,0.0,0.0,0.0,,,,2026-01-06 12:50:00
202601-011,LLY,BUY,2026-01-06 14:58,23.0,1061.611,24417.053000000004,br4.1 PB 21e,Orderly pb to the 10W,0.0,1033.0,B1,0.0,0.0,0.0,,,,2026-01-06 14:58:00
202601-010,VIAV,SELL,2026-01-07 08:33,459.0,18.118,8316.161999999998,sr3 Portfolio Management,Reducing exposure ,0.0,0.0,SB1,0.0,0.0,0.0,,,,2026-01-07 08:33:00
202512-044,NVDA,SELL,2026-01-07 08:33,98.0,187.205,18346.09,sr3 Portfolio Management,Reducing exposure ,0.0,0.0,SB2,0.0,0.0,0.0,,,,2026-01-07 08:33:00
202601-010,VIAV,SELL,2026-01-07 08:33,459.0,18.178,8343.702000000001,sr3 Portfolio Management,Reducing exposure ,0.0,0.0,SB1,0.0,0.0,0.0,,,,2026-01-07 08:33:00
202601-012,OKLO,BUY,2026-01-07 08:48,75.0,100.12,7509.0,br3.4 Reclaim 10W,Hot heat stock but small risk. starter position,0.0,91.5,B1,0.0,0.0,0.0,,,,2026-01-07 08:48:00
202601-013,TQQQ,BUY,2026-01-07 08:53,455.0,55.38,25197.9,br7.1 TQQQ Strategy,Signal triggered ,0.0,53.5,B1,0.0,0.0,0.0,,,,2026-01-07 08:53:00
202601-006,LITE,BUY,2026-01-06 14:05,32.0,401.84,12858.88,br10.1 Add: New High after Gentle PB,Short consolidation. Showing Strong RS,0.0,381.0,A2,0.0,0.0,0.0,,,,2026-01-06 14:05:00
202512-046,ASTS,BUY,2026-01-06 14:05,89.0,87.44,7782.16,br10.8 Add: Generic Scale-In,Pullback to base. Too eager. ,0.0,102.0,A3,0.0,0.0,0.0,,,,2026-01-06 14:05:00
202601-014,PLTR,BUY,2026-01-07 10:20,137.0,182.549,25009.213,br3.1 Reclaim 21e,Power of 3. Reclaim of moving averages ,0.0,177.5,B1,0.0,0.0,0.0,,,,2026-01-07 10:20:00
202601-006,LITE,SELL,2026-01-08 08:36,32.0,380.865,12187.68,sr1 Capital Protection,Stopped out,0.0,0.0,SA2,0.0,0.0,0.0,,,,2026-01-08 08:36:00
202601-006,LITE,SELL,2026-01-08 08:48,63.0,361.146,22752.198,sr1 Capital Protection,Stopped out,0.0,0.0,SA1,0.0,0.0,0.0,,,,2026-01-08 08:48:00
202601-003,BE,BUY,2026-01-08 08:47,31.0,125.25,3882.75,br10.5 Add: Continuation Gap Up,Adding on gap up on news,0.0,130.0,A1,0.0,0.0,0.0,,,,2026-01-08 08:47:00
202601-003,BE,BUY,2026-01-08 08:47,53.0,125.745,6664.485000000001,br10.5 Add: Continuation Gap Up,gap up on news,0.0,119.0,A2,0.0,0.0,0.0,,,,2026-01-08 08:47:00
202601-015,ENS,BUY,2026-01-08 08:47,120.0,155.112,18613.44,br1.1 Consolidation,Stock chart ,0.0,165.0,B1,0.0,0.0,0.0,,,,2026-01-08 08:47:00
202512-039,GEV,SELL,2026-01-08 08:48,31.0,648.852,20114.412,sr1 Capital Protection,Stopped out,0.0,0.0,SA2,0.0,0.0,0.0,,,,2026-01-08 08:48:00
202601-016,OSS,BUY,2026-01-08 09:00,677.0,9.388,6355.676,br6.1 Gapper,Stock chart. Small cap. Risky,0.0,9.45,B1,0.0,0.0,0.0,,,,2026-01-08 09:00:00
202601-003,BE,SELL,2026-01-08 09:00,53.0,118.85,6299.049999999999,sr1 Capital Protection,didn't work,-365.4350000000005,0.0,SA2,0.0,0.0,0.0,,,,2026-01-08 09:00:00
202601-013,TQQQ,SELL,2026-01-08 09:00,455.0,53.504,24344.32,sr1 Capital Protection,Stopped Out,0.0,0.0,SB1,0.0,0.0,0.0,,,,2026-01-08 09:00:00
202512-038,TER,BUY,2026-01-08 12:27,45.0,216.132,9725.94,br10.2 Add: KMA Pullback,Adding after a pb to the 8e from 4atr extension,0.0,208.0,A1,0.0,0.0,0.0,,,,2026-01-08 12:27:00
202601-014,PLTR,SELL,2026-01-08 12:27,137.0,177.566,24326.542,sr1 Capital Protection,stopped out,0.0,0.0,SB1,0.0,0.0,0.0,,,,2026-01-08 12:27:00
202512-041,GOOGL,BUY,2026-01-08 12:27,13.0,327.13,4252.69,br10.1 Add: New High after Gentle PB,nice orderly consolidation breakout ,0.0,319.0,A1,0.0,0.0,0.0,,,,2026-01-08 12:27:00
202601-011,LLY,SELL,2026-01-08 12:27,23.0,1081.429,24872.867,sr4 Change of Character,Huge downside reversal. Not getting traction,0.0,0.0,SB1,0.0,0.0,0.0,,,,2026-01-08 12:27:00
202601-004,FIGR,BUY,2026-01-08 13:52,70.0,58.625,4103.75,br10.9 Add: Upside Reversal,adding on a UR. could've been more precise,0.0,49.0,A2,0.0,0.0,0.0,,,,2026-01-08 13:52:00
202601-016,OSS,SELL,2026-01-09 08:51,300.0,8.481,2544.3,sr1 Capital Protection,,-272.1,0.0,SB1,0.0,0.0,0.0,,,,2026-01-09 08:51:00
202601-012,OKLO,BUY,2026-01-09 08:57,30.0,113.2,3396.0,br10.5 Add: Continuation Gap Up,Gap up on news,0.0,93.0,A1,0.0,0.0,0.0,,,,2026-01-09 08:57:00
202601-017,AMTM,BUY,2026-01-09 08:57,280.0,32.874,9204.72,br1.5 IPO Base,Nice looking IPO base and RS new high,0.0,34.0,B1,0.0,0.0,0.0,,,,2026-01-09 08:57:00
202601-018,WDC,BUY,2026-01-09 09:10,62.0,190.493,11810.566,br4.1 PB 21e,Not the leader but space is hot,0.0,197.0,B1,0.0,0.0,0.0,,,,2026-01-09 09:10:00
202512-034,AMKR,BUY,2026-01-09 09:10,87.0,51.92,4517.04,br10.8 Add: Generic Scale-In,Adding here as stock refuses to go down,0.0,48.0,A3,0.0,0.0,0.0,,,,2026-01-09 09:10:00
202512-033,MU,BUY,2026-01-09 09:10,22.0,336.86,7410.92,br10.8 Add: Generic Scale-In,Strong strong. Strong RS. Adding,0.0,326.0,A3,0.0,0.0,0.0,,,,2026-01-09 09:10:00
202601-003,BE,BUY,2026-01-09 09:10,77.0,126.86,9768.22,br10.8 Add: Generic Scale-In,,0.0,130.0,A3,0.0,0.0,0.0,,,,2026-01-09 09:10:00
202601-019,LEU,BUY,2026-01-09 09:10,20.0,314.171,6283.42,br1.1 Consolidation,More profitable than OKLO. Starting small,0.0,285.0,B1,0.0,0.0,0.0,,,,2026-01-09 09:10:00
202512-048,RDDT,SELL,2026-01-09 10:28,87.0,237.42,20655.539999999997,sr1 Capital Protection,nasty downside reversal. BO Failure,0.0,0.0,SA1,0.0,0.0,0.0,,,,2026-01-09 10:28:00
202601-020,RDDT,BUY,2026-01-09 12:08,105.0,240.96,25300.8,br1.3 Cup w/o Handle,Correcting my mistake here ,0.0,234.0,B1,0.0,0.0,0.0,,,,2026-01-09 12:08:00
202601-021,GDX,BUY,2026-01-09 12:08,97.0,92.725,8994.324999999999,br1.1 Consolidation,Gold is hot. Maybe a hedge. Chasing?,0.0,86.5,B1,0.0,0.0,0.0,,,,2026-01-09 12:08:00
202601-022,STX,BUY,2026-01-09 12:08,45.0,304.67,13710.15,br4.1 PB 21e,Hot sector. Opportunity in PB,0.0,386.0,B1,0.0,0.0,0.0,,,,2026-01-09 12:08:00
202512-038,TER,BUY,2026-01-12 14:32,13.0,225.73,2934.49,br10.8 Add: Generic Scale-In,,0.0,208.0,A2,0.0,0.0,0.0,,,,2026-01-12 14:32:00
202601-016,OSS,BUY,2026-01-12 14:32,295.0,9.432,2782.44,br10.8 Add: Generic Scale-In,,0.0,9.45,A1,0.0,0.0,0.0,,,,2026-01-12 14:32:00
202601-018,WDC,BUY,2026-01-12 14:32,62.0,202.27,12540.74,br10.8 Add: Generic Scale-In,Increasing to 10% PS,0.0,197.0,A1,0.0,0.0,0.0,,,,2026-01-12 14:32:00
202601-021,GDX,BUY,2026-01-12 14:32,34.0,96.115,3267.91,br10.8 Add: Generic Scale-In,Increasing PS as gold hits ATH,0.0,94.0,A1,0.0,0.0,0.0,D (Bad),📉 Panic Sell,,2026-01-12 14:32:00
202601-004,FIGR,SELL,2026-01-12 14:20,70.0,51.903,3633.21,sr1 Capital Protection,Stopped out at roundtrip to ipo base,-48.53100000000005,0.0,SA2,0.0,0.0,0.0,A (Perfect),✅ Followed Plan,,2026-01-12 14:20:00
202601-004,FIGR,BUY,2026-01-12 14:40,80.0,51.445,4115.6,br1.5 IPO Base,Replacing shares I was stopped out of ,0.0,64.5,A3,0.0,0.0,0.0,A (Perfect),✅ Followed Plan,,2026-01-12 14:40:00
202601-004,FIGR,BUY,2026-01-12 14:41,154.0,52.5963,8099.8302,br1.5 IPO Base,Staring a new position here with defined risk ,0.0,64.5,A4,0.0,0.0,0.0,A (Perfect),✅ Followed Plan,,2026-01-12 14:41:00
202601-008,ZETA,BUY,2026-01-12 14:45,275.0,24.285,6678.375,br10.8 Add: Generic Scale-In,Increasing PS,0.0,22.0,A2,0.0,0.0,0.0,,,,2026-01-12 14:45:00
202601-019,LEU,BUY,2026-01-12 14:53,20.0,311.82,6236.4,br10.8 Add: Generic Scale-In,Increasing position size. ,0.0,292.0,A1,0.0,0.0,0.0,,,,2026-01-12 14:53:00
202601-019,LEU,SELL,2026-01-14 08:40,40.0,291.339,11653.56,sr1 Capital Protection,Stopped Out,0.0,0.0,SA1,0.0,0.0,0.0,,,,2026-01-14 08:40:00
202601-008,ZETA,SELL,2026-01-14 08:30,275.0,22.85,6283.75,sr1 Capital Protection,Stopped Out,114.4000000000001,0.0,SA2,0.0,0.0,0.0,,,,2026-01-14 08:30:00
202601-009,UPRO,SELL,2026-01-14 08:40,199.0,119.515,23783.485,sr1 Capital Protection,Stopped Out,0.0,0.0,SB1,0.0,0.0,0.0,,,,2026-01-14 08:40:00
202512-033,MU,BUY,2026-01-14 08:40,14.0,335.61,4698.54,br10.8 Add: Generic Scale-In,Increasing PS,0.0,326.0,A4,0.0,0.0,0.0,,,,2026-01-14 08:40:00
202601-017,AMTM,BUY,2026-01-14 08:40,370.0,34.5,12765.0,br10.8 Add: Generic Scale-In,Increasing PS,0.0,34.0,A1,0.0,0.0,0.0,A (Perfect),✅ Followed Plan,,2026-01-14 08:40:00
202601-012,OKLO,SELL,2026-01-14 08:50,30.0,92.86,2785.8,sr1 Capital Protection,Stopped out,0.0,0.0,SA1,0.0,0.0,0.0,,,,2026-01-14 08:50:00
202601-012,OKLO,SELL,2026-01-14 08:50,75.0,92.86,6964.5,sr1 Capital Protection,Stopped out,0.0,0.0,SB1,0.0,0.0,0.0,,,,2026-01-14 08:50:00
202601-008,ZETA,BUY,2026-01-14 08:50,285.0,22.357,6371.745,br1.5 IPO Base,PB to the base. Increasing PS,0.0,21.95,A3,0.0,0.0,0.0,,,,2026-01-14 08:50:00
202601-008,ZETA,BUY,2026-01-14 08:52,356.0,22.434,7986.504000000001,br1.5 IPO Base,PB to base. Increasing PS,0.0,21.95,A4,0.0,0.0,0.0,,,,2026-01-14 08:52:00
202512-034,AMKR,BUY,2026-01-14 08:56,254.0,50.8,12903.2,br10.2 Add: KMA Pullback,Increasing PS to 15% on PB to 8e,0.0,49.5,A4,0.0,0.0,0.0,,,,2026-01-14 08:56:00
202512-034,AMKR,SELL,2026-01-14 09:13,254.0,49.5,12573.0,sr1 Capital Protection,Stopped out on new add ,188.8350000000007,0.0,SA4,0.0,0.0,0.0,,,,2026-01-14 09:13:00
202512-034,AMKR,BUY,2026-01-14 09:14,254.0,50.035,12708.89,br10.2 Add: KMA Pullback,Adding here to 15% on pb to 8e,0.0,49.0,A5,0.0,0.0,0.0,,,,2026-01-14 09:14:00
202512-034,AMKR,SELL,2026-01-14 09:58,254.0,49.021,12451.334,sr1 Capital Protection,,-333.290999999999,0.0,SA5,0.0,0.0,0.0,,,,2026-01-14 09:58:00
202512-034,AMKR,SELL,2026-01-14 10:12,87.0,48.761,4242.207,sr1 Capital Protection,Stopped out,-177.39299999999952,0.0,SA3,0.0,0.0,0.0,,,,2026-01-14 10:12:00
202601-008,ZETA,SELL,2026-01-14 14:37,356.0,21.945,7812.42,sr1 Capital Protection,Stopped Out,0.0,0.0,SA4,0.0,0.0,0.0,,,,2026-01-14 14:37:00
202601-023,AEO,BUY,2026-01-14 14:33,490.0,26.4,12936.0,br4.1 PB 21e,Anticipating Tariff Supreme Court Decision,0.0,0.0,B1,0.0,0.0,0.0,F (Impulse),🚀 FOMO Entry,Anticipating tariffs ruling by SC. Not planned ,2026-01-14 14:33:00
202601-023,AEO,SELL,2026-01-14 14:37,490.0,25.488,12489.12,sr1 Capital Protection,Stopped Out,0.0,0.0,SB1,0.0,0.0,0.0,F (Impulse),🚀 FOMO Entry,Anticipating tariffs ruling by SC. Not planned ,2026-01-14 14:37:00
202512-034,AMKR,BUY,2026-01-14 14:33,155.0,47.94,7430.7,br10.8 Add: Generic Scale-In,Increasing PS to 10%,0.0,45.0,A6,0.0,0.0,0.0,,,,2026-01-14 14:33:00
202601-024,SYNA,BUY,2026-01-14 14:33,130.0,89.342,11614.46,br1.1 Consolidation,Stock Talk Add. ,0.0,79.5,B1,0.0,0.0,0.0,,,,2026-01-14 14:33:00
202601-025,LEU,BUY,2026-01-14 08:06,89.0,301.91,26869.99,br4.1 PB 21e,Restarting this after good action from pb,0.0,281.0,B1,0.0,0.0,0.0,,,,2026-01-14 08:06:00
202601-026,AMD,BUY,2026-01-15 11:59,53.0,232.74,12335.22,br8.1 Daily STL Break,STL break buy ,0.0,220.0,B1,0.0,0.0,0.0,B (Good),✅ Followed Plan,,2026-01-15 11:59:00
202601-026,AMD,BUY,2026-01-15 11:59,53.0,232.74,12335.22,br8.1 Daily STL Break,STL Break buy,0.0,220.0,B2,0.0,0.0,0.0,B (Good),✅ Followed Plan,,2026-01-15 11:59:00
202512-046,ASTS,BUY,2026-01-15 11:59,110.0,95.65,10521.5,br10.2 Add: KMA Pullback,Adding on a pb to the 8e. Increasing PS,0.0,102.0,A4,0.0,0.0,0.0,A (Perfect),✅ Followed Plan,,2026-01-15 11:59:00
202601-002,RKLB,BUY,2026-01-15 11:59,64.0,90.025,5761.6,br10.2 Add: KMA Pullback,pb to the 8e add buy,0.0,84.5,A3,0.0,0.0,0.0,,,,2026-01-15 11:59:00
202601-020,RDDT,SELL,2026-01-15 11:59,105.0,234.31,24602.55,sr4 Change of Character,Another nasty downside reversal,0.0,0.0,SB1,0.0,0.0,0.0,,,,2026-01-15 11:59:00
202601-027,RKT,BUY,2026-01-15 11:59,538.0,23.417,12598.346,br1.2 Cup w Handle,Buying this CHW. It's extended,0.0,22.25,B1,0.0,0.0,0.0,,,,2026-01-15 11:59:00
202601-008,ZETA,SELL,2026-01-16 08:34,526.0,21.015,11053.89,sr1 Capital Protection,Stopped Out,0.0,0.0,SA3,0.0,0.0,0.0,,,,2026-01-16 08:34:00
202601-008,ZETA,SELL,2026-01-16 08:35,285.0,21.025,5992.125,sr1 Capital Protection,Stopped Out,0.0,0.0,SB1,0.0,0.0,0.0,,,,2026-01-16 08:35:00
202601-027,RKT,BUY,2026-01-16 09:34,269.0,24.149,6496.081,br10.8 Add: Generic Scale-In,Increasing PS on follow up action ,0.0,22.5,A1,0.0,0.0,0.0,,,,2026-01-16 09:34:00
202601-003,BE,BUY,2026-01-16 09:34,71.0,149.597,10621.387,br1.3 Cup w/o Handle,Increasing PS on breakout from cup,0.0,141.0,A4,0.0,0.0,0.0,A (Perfect),✅ Followed Plan,,2026-01-16 09:34:00
202601-021,GDX,SELL,2026-01-16 08:35,131.0,94.684,12403.604,sr1 Capital Protection,Stopped Out,0.0,0.0,SA1,0.0,0.0,0.0,D (Bad),📉 Panic Sell,,2026-01-16 08:35:00
202601-025,LEU,SELL,2026-01-16 08:35,89.0,302.009,26878.801,sr1 Capital Protection,Not moving up as expected,0.0,0.0,SB1,0.0,0.0,0.0,,,,2026-01-16 08:35:00
202601-024,SYNA,SELL,2026-01-16 08:35,130.0,90.58,11775.4,sr1 Capital Protection,Bought extended. Will wait for better entry,0.0,0.0,SB1,0.0,0.0,0.0,,,,2026-01-16 08:35:00
202512-029,SNDK,BUY,2026-01-16 11:14,5.0,411.25,2056.25,br10.8 Add: Generic Scale-In,Adding here against the 8e. extended buy,0.0,376.0,A4,0.0,0.0,0.0,,,,2026-01-16 11:14:00
202512-034,AMKR,BUY,2026-01-16 11:14,272.0,47.815,13005.68,br10.8 Add: Generic Scale-In,Adding here against 21e,0.0,46.0,A7,0.0,0.0,0.0,,,,2026-01-16 11:14:00
202601-028,GEV,BUY,2026-01-16 11:30,33.0,682.675,22528.275,br1.3 Cup w/o Handle,,0.0,663.0,B1,0.0,0.0,0.0,,,,2026-01-16 11:30:00
202601-027,RKT,SELL,2026-01-16 11:30,807.0,22.812,18409.284,sr1 Capital Protection,Removing dead weight,0.0,0.0,SA1,0.0,0.0,0.0,,,,2026-01-16 11:30:00
202601-016,OSS,BUY,2026-01-16 14:32,554.0,10.61,5877.94,br10.8 Add: Generic Scale-In,Increasing PS to 5%,0.0,8.75,A2,0.0,0.0,0.0,,,,2026-01-16 14:32:00
202601-029,LEU,BUY,2026-01-20 12:00,45.0,327.39,14732.55,br1.7 Consolidation Pivot,Buying on sell off day. ,0.0,290.0,B1,0.0,0.0,0.0,,,,
202601-030,VIAV,BUY,2026-01-20 12:00,1512.0,18.272,27627.264,br4.2 PB 50s,Adding here on tariffs selloff day,0.0,20.0,B1,0.0,0.0,0.0,,,,
202601-031,ZETA,BUY,2026-01-20 12:00,1366.0,20.092,27445.672,br4.2 PB 50s,Adding here on tariffs news sell off ,0.0,19.5,B1,0.0,0.0,0.0,,,,
202601-032,SYNA,BUY,2026-01-20 11:04,308.0,89.468,27556.144,br4.2 PB 50s,Small risk add on sell off day,0.0,87.0,B1,0.0,0.0,0.0,,,,
202601-033,RKLB,BUY,2026-01-20 12:32,152.0,90.28,13722.56,br10.2 Add: KMA Pullback,Adding on here on a PB to 8e on sell off day,0.0,88.5,B1,0.0,0.0,0.0,,,,
202601-026,AMD,SELL,2026-01-20 12:00,106.0,228.369,24207.114,sr1 Capital Protection,Stopped out on sell off day,0.0,0.0,SB2,0.0,0.0,0.0,,,,
202601-032,SYNA,SELL,2026-01-20 12:35,308.0,86.913,26769.204,sr1 Capital Protection,Stopped out on sell off day,0.0,0.0,SB1,0.0,0.0,0.0,,,,
202601-033,RKLB,SELL,2026-01-20 14:42,152.0,88.492,13450.784,sr1 Capital Protection,Stopped out,0.0,0.0,SB1,0.0,0.0,0.0,,,,
202601-002,RKLB,BUY,2026-01-20 14:42,152.0,89.155,13551.56,br10.2 Add: KMA Pullback,Adding here at pb to 8e,0.0,88.5,A4,0.0,0.0,0.0,,,,
202601-034,LITE,BUY,2026-01-21 09:27,55.0,363.24,19978.2,br8.1 Daily STL Break,Starting LITE here on a break of the STL and reclaim of 21e,0.0,351.0,B1,0.0,0.0,0.0,,,,
202601-002,RKLB,SELL,2026-01-21 09:27,152.0,88.51,13453.52,sr1 Capital Protection,Stopped out on market rotation again,96.25800000000127,0.0,SA4,0.0,0.0,0.0,,,,
202601-002,RKLB,SELL,2026-01-21 11:06,64.0,84.45,5404.8,sr1 Capital Protection,Stopped out on market rotation again,-301.1199999999999,0.0,SA3,0.0,0.0,0.0,,,,
202512-046,ASTS,SELL,2026-01-21 11:06,199.0,101.97,20292.03,sr1 Capital Protection,Selling A3-A4,144.15199999999982,0.0,SA4,0.0,0.0,0.0,,,,
202512-046,ASTS,BUY,2026-01-21 14:08,129.0,104.282,13452.378,br10.10 Add: Consolidation Pivot,Adding back at the reclaim of the pivot ,0.0,96.0,A5,0.0,0.0,0.0,,,,
202601-034,LITE,SELL,2026-01-21 14:08,55.0,350.95,19302.25,sr1 Capital Protection,,0.0,0.0,SB1,0.0,0.0,0.0,,,,
202601-002,RKLB,BUY,2026-01-21 14:16,94.0,87.088,8186.271999999999,br10.9 Add: Upside Reversal,should've bought this earlier. using UR to increase PS,0.0,80.0,A5,0.0,0.0,0.0,,,,
202601-035,LITE,BUY,2026-01-21 14:16,69.0,368.26,25409.94,br8.1 Daily STL Break,,0.0,349.0,B1,0.0,0.0,0.0,,,,
202601-028,GEV,SELL,2026-01-21 14:16,33.0,659.81,21773.73,sr1 Capital Protection,Stopped out,0.0,0.0,SB1,0.0,0.0,0.0,,,,
202601-036,KTOS,BUY,2026-01-22 08:48,120.0,115.87,13904.4,br1.3 Cup w/o Handle,PB to cup without handle. Starting with 5% PS,0.0,104.0,B1,0.0,0.0,0.0,,,,
202512-029,SNDK,BUY,2026-01-22 08:48,9.0,477.28,4295.5199999999995,br10.8 Add: Generic Scale-In,continuing to scale into name ,0.0,431.0,A5,0.0,0.0,0.0,,,,
202601-004,FIGR,BUY,2026-01-22 08:55,103.0,67.234,6925.102,br10.2 Add: KMA Pullback,Adding here on pb to 8e,0.0,63.0,A5,0.0,0.0,0.0,,,,
202601-004,FIGR,SELL,2026-01-22 08:55,103.0,67.234,6925.102,sr1 Capital Protection,no support at 8e,297.36100000000005,0.0,SA5,0.0,0.0,0.0,,,,
202601-004,FIGR,SELL,2026-01-22 09:24,234.0,62.8605,14709.357,sr1 Capital Protection,no support at 8e,380.56280000000135,0.0,SA4,0.0,0.0,0.0,,,,
202601-004,FIGR,BUY,2026-01-22 13:49,147.0,64.347,9459.009,br10.2 Add: KMA Pullback,Adding back shares sold at the 8e break and reclaim,0.0,56.0,A6,0.0,0.0,0.0,,,,
202601-037,LLY,BUY,2026-01-21 13:49,25.0,1081.19,27029.75,br3.1 Reclaim 21e,Buy here on reclaim of 21e,0.0,1042.0,B1,0.0,0.0,0.0,,,,
202601-038,TSLA,BUY,2026-01-22 13:49,62.0,442.31,27423.22,br8.1 Daily STL Break,Break of STL. Reclaim of all KMAs,0.0,432.0,B1,0.0,0.0,0.0,,,,
202601-035,LITE,SELL,2026-01-23 08:33,69.0,348.927,24075.963,sr1 Capital Protection,Stopped out,0.0,0.0,SB1,0.0,0.0,0.0,,,,
202601-003,BE,SELL,2026-01-23 08:33,71.0,141.101,10018.171,sr1 Capital Protection,Failed breakout. Reducing PS,-603.2160000000007,0.0,SA4,0.0,0.0,0.0,,,,
202512-034,AMKR,BUY,2026-01-26 08:41,100.0,50.29,5029.0,br10.3 Add: KMA Reclaim,Pb to 21e add buy since all buys are working ,0.0,46.25,A8,0.0,0.0,0.0,,,,
202512-029,SNDK,BUY,2026-01-26 08:46,23.0,472.06,10857.38,br10.2 Add: KMA Pullback,Increasing PS on a pb to the 8e on a strong stock,0.0,450.0,A6,0.0,0.0,0.0,,,,
202512-033,MU,BUY,2026-01-26 08:52,17.0,390.567,6639.639,br10.3 Add: KMA Reclaim,Increasing PS on pb to 8e,0.0,375.0,A5,0.0,0.0,0.0,,,,
202601-036,KTOS,BUY,2026-01-26 08:58,86.0,112.25,9653.5,br4.1 PB 21e,Adding here against the 21e. Risky add. ,0.0,106.0,A1,0.0,0.0,0.0,,,,
202601-029,LEU,SELL,2026-01-26 14:57,45.0,288.074,12963.33,sr1 Capital Protection,Stopped out,0.0,0.0,SB1,0.0,0.0,0.0,,,,
202601-004,FIGR,BUY,2026-01-27 06:40,181.0,65.0,11765.0,br10.6 Add: High Low Support,Added here at the HL rebound,0.0,59.5,A7,0.0,0.0,0.0,,,,
202601-039,BABA,BUY,2026-01-27 06:40,109.0,174.9,19064.1,br4.5 PB 8e,PB to 8e buy,0.0,168.5,B1,0.0,0.0,0.0,,,,
202601-038,TSLA,SELL,2026-01-27 06:40,62.0,431.995,26783.69,sr1 Capital Protection,Stopped out again. ,0.0,0.0,SB1,0.0,0.0,0.0,,,,
202601-037,LLY,SELL,2026-01-27 06:40,25.0,1041.79,26044.75,sr1 Capital Protection,Stopped out again. ,0.0,0.0,SB1,0.0,0.0,0.0,,,,
202601-040,UWM,BUY,2026-01-27 06:40,260.0,54.035,14049.1,br1.1 Consolidation,Buying this pb and reclaim of 8e,0.0,52.0,B1,0.0,0.0,0.0,,,,
202601-022,STX,BUY,2026-01-28 08:08,10.0,399.0,3990.0,br10.5 Add: Continuation Gap Up,earnings gap up. pre market buy,0.0,386.0,A1,0.0,0.0,0.0,,,,
202512-046,ASTS,BUY,2026-01-28 08:43,69.0,113.19,7810.11,br10.2 Add: KMA Pullback,Adding here at the reclaim of 8e,0.0,103.25,A6,0.0,0.0,0.0,,,,
202601-003,BE,BUY,2026-01-28 08:43,17.0,160.455,2727.735,br10.10 Add: Consolidation Pivot,Adding 1% to the position,0.0,136.0,A5,0.0,0.0,0.0,,,,
202601-022,STX,BUY,2026-01-28 08:43,10.0,428.24,4282.4,br10.5 Add: Continuation Gap Up,5 mins vwap support buy ,0.0,386.0,A2,0.0,0.0,0.0,,,,
202601-041,LEU,BUY,2026-01-28 11:08,22.0,310.735,6836.17,br4.2 PB 50s,Retrying this again. 1st layer of AI,0.0,271.0,B1,0.0,0.0,0.0,,,,
202601-040,UWM,SELL,2026-01-28 11:08,260.0,56.675,14735.5,sr3 Portfolio Management,Reducing to 20 positions max,0.0,0.0,SB1,0.0,0.0,0.0,,,,
202512-046,ASTS,BUY,2026-01-28 13:48,56.0,122.398,6854.288,br10.10 Add: Consolidation Pivot,Breakout to ATH add buy,0.0,120.0,A7,0.0,0.0,0.0,,,,
202601-042,GEV,BUY,2026-01-29 08:35,30.0,711.015,21330.45,br1.1 Consolidation,Trying this consolidation breakout of GEV,0.0,670.0,B1,0.0,0.0,0.0,,,,
202512-046,ASTS,SELL,2026-01-29 08:35,56.0,119.9,6714.400000000001,sr1 Capital Protection,Stopped out,0.0,0.0,SA7,0.0,0.0,0.0,,,,
202601-031,ZETA,SELL,2026-01-29 11:31,1366.0,19.537,26687.542,sr1 Capital Protection,Stopped out on market sell off,0.0,0.0,SB1,0.0,0.0,0.0,,,,
202601-004,FIGR,SELL,2026-01-29 11:31,181.0,59.238,10722.078,sr1 Capital Protection,Stopped out on market sell off,0.0,0.0,SA7,0.0,0.0,0.0,,,,
202601-039,BABA,SELL,2026-01-29 11:31,109.0,171.94,18741.46,sr1 Capital Protection,Stopped out on market sell off,0.0,0.0,SB1,0.0,0.0,0.0,,,,
202601-041,LEU,SELL,2026-01-29 11:31,22.0,293.7,6461.4,sr1 Capital Protection,Stopped out on market sell off,0.0,0.0,SB1,0.0,0.0,0.0,,,,
202601-042,GEV,SELL,2026-01-29 11:31,30.0,686.479,20594.370000000003,sr1 Capital Protection,Stopped out on market sell off,0.0,0.0,SB1,0.0,0.0,0.0,,,,
202601-002,RKLB,SELL,2026-01-29 11:31,1.0,83.066,83.066,sr3 Portfolio Management,Reducing space exposure,0.0,,SA5,,,,,,,
